49891
49918
49942
49988
50103
50122
50124
50134
50136
50136
50148
50154
50158
50158
50163
50166
50170
50172
50174
50174
50176
50176
50177
50185
50188
50190
50195
50196
50201
50204
50205
50212
50222
50225
50228
50229
50230
50230
50231
50231
50232
50238
50240
50248
50249
50249
50251
50252
50253
50254
50255
50262
50263
50267
50273
50274
50283
50291
50291
50292
50293
50303
50310
50313
50316
50322
50324
50326
50331
50332
50338
50340
50351
50351
50355
50357
50358
50361
50366
50370
50375
50376
50379
50387
50389
50389
50393
50394
50394
50400
50405
50405
50412
50413
50418
50419
50419
50424
50425
50433
50435
50435
50439
50440
50440
50440
50446
50446
50450
50454
50454
50455
50456
50467
50471
50471
50472
50472
50475
50477
50478
50483
50488
50495
50499
50511
50513
50515
50516
50526
50530
50533
50534
50536
50537
50540
50543
50543
50543
50555
50563
50564
50579
50586
50587
50590
50592
50594
50595
50596
50603
50603
50603
50605
50605
50606
50606
50607
50608
50608
50608
50609
50611
50612
50614
50614
50615
50615
50615
50616
50618
50619
50622
50623
50624
50624
50626
50626
50627
50628
50628
50630
50630
50631
50632
50633
50633
50633
50634
50635
50636
50636
50637
50638
50642
50642
50643
50643
50645
50646
50646
50648
50649
50650
50650
50651
50651
50652
50652
50652
50652
50653
50654
50655
50655
50656
50657
50659
50660
50660
50661
50664
50665
50665
50665
50665
50666
50666
50667
50667
50668
50669
50670
50672
50673
50673
50673
50674
50675
50677
50678
50679
50679
50680
50680
50684
50685
50685
50686
50686
50686
50687
50687
50687
50687
50687
50687
50687
50688
50688
50688
50688
50688
50688
50688
50690
50690
50691
50691
50691
50691
50691
50693
50693
50694
50694
50695
50696
50696
50702
50704
50706
50706
50707
50708
50710
50717
50721
50722
50722
50723
50725
50729
50729
50731
50731
50733
50739
50739
50739
50739
50744
50745
50748
50748
50756
50763
50764
50765
50766
50768
50769
50770
50770
50771
50772
50773
50773
50774
50778
50779
50780
50781
50781
50781
50781
50782
50784
50784
50785
50788
50790
50791
50792
50793
50794
50797
50800
50801
50803
50804
50805
50805
50806
50807
50808
50809
50810
50812
50813
50816
50823
50824
50825
50826
50829
50831
50832
50837
50845
50847
50850
50852
50854
50856
50857
50858
50858
50858
50861
50867
50868
50869
50873
50875
50875
50875
50879
50879
50881
50890
50892
50894
50895
50898
50898
50899
50899
50899
50902
50902
50904
50904
50906
50909
50910
50910
50911
50913
50920
50921
50922
50925
50925
50932
50942
50952
50952
50960
50960
50962
50962
50967
50974
50977
50978
50979
50991
50994
50994
51004
51007
51007
51007
51017
51022
51023
51023
51025
51026
51030
51033
51037
51043
51049
51050
51056
51059
51060
51061
51067
51067
51073
51084
51090
51091
51092
51095
51103
51109
51117
51131
51131
51139
51145
51146
51165
51165
51168
51190
51200
51200
51213
51213
51214
51217
51222
51222
51223
51226
51231
51233
51236
51241
51261
51274
51282
51283
51284
51284
51289
51290
51298
51307
51327
51329
51330
51330
51334
51334
51337
51340
51345
51348
51348
51350
51357
51361
51363
51363
51366
51371
51372
51375
51376
51389
51393
51410
51421
51433
51435
51440
51442
51449
51463
51475
51480
51502
51514
51516
51539
51542
51554
51557
51575
51578
51589
51593
51598
51599
51601
51612
51632
51633
51634
51640
51653
51656
51656
51669
51676
51684
51690
51691
51699
51705
51705
51711
51712
51712
51714
51717
51718
51720
51741
51742
51745
51748
51762
51767
51801
51806
51809
51812
51812
51813
51813
51827
51829
51853
51854
51856
51858
51859
51859
51865
51870
51889
51890
51891
51895
51897
51900
51904
51908
51910
51912
51912
51912
51912
51930
51939
51942
51948
51948
51952
51954
51959
51961
51978
51981
51991
52008
52009
52011
52016
52016
52019
52019
52063
52072
52081
52089
52097
52111
52160
52169
52175
52182
52183
52198
52206
52214
52222
52224
52228
52246
52250
52257
52262
52271
52275
52282
52289
52301
52303
52308
52308
52311
52314
52317
52319
52319
52323
52333
52337
52341
52342
52342
52344
52344
52355
52358
52361
52377
52380
52380
52381
52388
52390
52400
52400
52404
52413
52413
52426
52428
52428
52431
52453
52461
52462
52462
52463
52467
52476
52500
52506
52519
52535
52542
52552
52566
52567
52574
52609
52618
52634
52646
52662
52662
52677
52688
52693
52697
52707
52709
52726
52731
52735
52757
52771
52776
52777
52778
52801
52819
52823
52828
52828
52835
52836
52837
52837
52840
52844
52860
52906
52912
52914
52915
52960
52961
52961
52961
52971
52992
52992
52995
52997
52998
53045
53046
53057
53061
53075
53077
53078
53078
53116
53125
53159
53159
53159
53165
53180
53186
53217
53220
53222
53238
53245
53254
53267
53277
53309
53315
53337
53342
53354
53356
53357
53371
53373
53373
53375
53405
53407
53410
53422
53467
53468
53488
53499
53502
53506
53510
53523
53533
53550
53564
53565
53570
53572
53575
53593
53601
53603
53614
53627
53642
53647
53649
53664
53669
53701
53719
53732
53736
53749
53761
53770
53775
53792
53810
53816
53852
53857
53857
53864
53866
53870
53874
53897
53897
53899
53917
53920
53927
53929
53943
53944
53949
53956
53957
53964
53970
53979
53985
53990
53994
54004
54016
54029
54034
54035
54047
54058
54062
54073
54096
54118
54122
54131
54149
54154
54178
54178
54246
54252
54296
54296
54315
54321
54328
54331
54339
54354
54366
54388
54388
54396
54405
54420
54422
54446
54475
54496
54497
54503
54560
54561
54574
54646
54730
54747
54750
54763
54787
54789
54800
54806
54827
54937
54958
55024
55090
55091
55198
55225
55323
55355
55388
55408
55409
55542
55714
55820
56034
56208
56248
56592
57242
