50612
50805
50847
50784
51004
51334
52008
51348
50942
51282
51393
51514
51217
51283
51806
51554
51165
51290
51145
51298
51340
51516
51440
51612
51633
51859
51720
51856
51690
51809
51653
51827
52262
51897
51718
51742
51952
52344
51948
51741
51948
52344
53468
54331
53593
52844
52311
51801
52246
52063
51912
51767
52250
51853
51712
52011
52257
52342
52467
52380
52618
52835
53575
53116
53564
52960
52519
52837
52431
52823
52428
52224
52453
52183
52400
52169
52404
52175
52413
52828
53422
52828
52413
52912
52840
52731
52998
53254
53603
53222
54252
53775
54035
54750
54131
53277
53550
54296
55091
56034
54937
55820
54497
53920
54763
55714
54789
54073
54958
54029
53371
52906
52542
52323
52317
52342
52314
52463
52776
52462
52778
52462
52319
52500
53077
52646
53245
52709
53337
53601
53057
52552
52282
52016
52289
52308
52111
52380
52693
53217
53732
54730
55542
56592
55323
54246
53488
52777
52319
51991
52303
51942
51712
51691
51812
52089
51812
51705
51813
52081
51813
51705
51575
51372
51748
52358
51858
51961
51632
51366
51361
51357
51056
51389
51745
52390
53309
52757
53669
54422
53407
52567
51900
51410
51022
50854
51023
50794
50967
51284
51007
50857
50858
50868
51043
50881
51049
50879
50869
51017
50825
51190
51634
51475
51557
51656
51699
52097
51930
51889
51589
51684
51912
51859
52160
52377
52009
52206
51939
51829
51981
52182
51912
51854
51959
51870
51954
52271
52677
52275
52019
51895
51910
51890
52016
51891
51912
52707
52222
52535
52971
53061
52961
53078
52735
52995
52476
52333
52355
52214
52072
52198
52428
52837
53523
52997
53506
52860
53315
52819
52461
52836
52506
52361
52308
52388
52609
52381
52337
52426
52662
53046
52662
52341
52228
52400
52634
52574
52726
52801
52992
53159
53749
54405
55024
54296
53857
54446
55090
54475
55225
56208
57242
56248
55409
54646
55408
54574
53870
53375
52992
53373
53897
53357
52961
53356
52961
52697
52688
53078
53565
53664
54154
53979
54004
53990
53866
53994
54178
54339
53897
53816
53736
53964
54178
53956
53917
53929
53899
53970
54118
53949
53857
53944
54149
53957
53874
53927
54096
54388
54806
54388
54496
53719
53572
53220
53125
53045
53186
53075
53354
53373
53570
53499
53810
54122
54420
54062
53770
54034
54366
54747
55388
54827
54396
54016
54354
54800
55355
54787
54315
53985
53761
53642
53627
53647
53405
53533
53342
53701
54047
54561
54321
53852
54328
53792
53614
53864
53467
53238
53180
53267
53410
53649
54058
54560
55198
54503
53943
53510
53165
53502
53159
52915
53159
52914
52771
52301
51865
51762
51656
51676
51908
52019
52566
51978
51463
51274
50991
50803
50960
51222
51542
51213
50879
50722
50994
51330
51025
50801
51030
50807
51033
51348
51026
50804
50674
50635
50326
50809
51236
51714
51433
50904
51084
50904
50994
51480
51904
51669
51363
51640
51329
51200
51284
51165
51214
51345
51146
51060
51090
51067
51131
51061
51117
51059
51091
51213
51601
51421
51449
51261
51502
51593
51599
51711
51598
51717
51435
51289
51337
51241
51327
51539
51376
51233
51375
51578
51371
51231
51350
51226
51334
51222
51330
51223
51200
51050
51095
51109
50875
51067
51363
50890
51092
50805
50511
50704
50533
50450
50316
50231
50253
50158
50166
50136
50158
50154
50238
50400
50251
50172
50174
50255
50174
50177
50136
49988
49891
49942
49918
50122
50103
50124
50134
50212
50340
50530
50832
50564
50357
50225
50338
50232
50185
50230
50351
50228
50358
50230
50176
50195
50273
50708
50902
51103
51442
50895
51168
50962
50824
50673
50563
50665
50826
50626
50781
51007
50780
50648
50611
50673
50823
50678
50816
50680
50614
50618
50387
50472
50499
50454
50389
50389
50412
50205
50176
50229
50366
50249
50483
50351
50495
50717
51007
50721
50477
50310
50204
50163
50196
50291
50454
50248
50222
50394
50148
50292
50355
50488
50332
50188
50313
50240
50405
50543
50379
50303
50274
50262
50331
50254
50324
50252
50322
50249
50231
50446
50665
50418
50293
50370
50543
50471
50656
50472
50555
50291
50515
50361
50606
50831
50619
50405
50267
50190
50170
50201
50283
50419
50456
50467
50419
50435
50478
50513
50516
50475
50424
50393
50433
50376
50439
50413
50394
50435
50526
50440
50536
50440
50537
50440
50263
50375
50455
50425
50446
50587
50540
50616
50624
50615
50655
50627
50626
50592
50590
50657
50603
50594
50603
50595
50633
50707
50688
50845
51131
51307
51139
50898
50788
50892
51073
50925
50837
50710
50660
50652
50649
50659
50706
50791
50706
50609
50534
50471
50543
50634
50696
50605
50702
50785
50684
50630
50638
50654
50636
50652
50642
50665
50723
50665
50668
50748
50894
51037
50974
50906
50899
50899
50856
50875
50911
50978
50921
50898
50913
50952
51023
50952
50932
50797
50861
50960
50873
50979
50902
50850
50962
50909
50858
50910
50867
50922
50875
50852
50858
50920
50899
50977
50910
50925
50829
50800
50793
50765
50784
50810
50774
50756
50773
50812
50773
50642
50688
50646
50579
50614
50607
50655
50660
50633
50603
50596
50608
50586
50605
50643
50628
50693
50694
50666
50661
50645
50606
50624
50608
50628
50623
50633
50622
50631
50608
50664
50646
50666
50685
50632
50615
50630
50672
50650
50636
50637
50652
50677
50688
50651
50679
50673
50690
50669
50675
50651
50667
50650
50643
50615
50653
50652
50687
50725
50778
50739
50770
50739
50722
50739
50806
50813
50790
50782
50763
50766
50770
50781
50772
50781
50744
50781
50808
50792
50769
50771
50779
50768
50764
50745
50748
50739
50733
50731
50729
50731
50729
50690
50667
50688
50691
50696
50694
50693
50670
50691
50691
50691
50695
50691
50679
50685
50688
50688
50688
50680
50686
50686
50686
50687
50687
50687
50687
50687
50687
