57065
63853
59756
61225
58146
65370
55918
58991
56550
64843
54828
55270
58269
58636
71020
57282
59142
56096
63335
64174
57606
59049
56897
55277
62649
59566
58652
57981
59437
60037
61352
58673
58654
59245
54020
64113
54726
58506
61506
61429
66550
58430
59039
63546
58024
56839
62085
58199
65405
58243
59598
52646
65848
55327
66341
53569
56946
58708
58459
57954
56478
56391
65225
57974
60680
60142
52873
65958
58253
66583
55635
59033
68509
58877
59783
59599
60529
58615
61531
55983
58110
57054
63675
58384
59989
61944
58584
63635
75296
67207
54176
59700
64980
55997
60844
59689
58446
61299
63182
59885
58327
61234
65449
61454
61336
59676
56868
64837
62183
57541
58829
57204
54762
57610
60134
56371
63613
58154
57192
58791
63092
56817
63375
59931
63528
56961
55707
69281
59606
64715
63248
67525
56788
65826
58578
60771
64106
55130
58913
55912
57143
65886
59431
65757
61933
58704
56992
54063
56091
56499
58569
58734
65626
65166
59619
59079
60175
57335
60997
56147
56706
60713
60785
60138
73862
60361
55590
58141
67901
56295
55463
57555
59734
54876
58427
66707
56259
56428
56051
67023
61832
59843
67864
58323
61262
64446
54844
64427
55236
81591
57376
67806
61690
57672
58838
65984
56896
56311
60212
63615
56952
58690
61975
57174
59291
56871
61740
59442
60018
58501
61612
59545
62749
57304
61738
61920
58621
56342
65421
58001
59628
65897
57845
55416
54985
57348
58062
56129
55119
58255
63319
54504
56507
58306
56459
63377
57027
62265
57900
56963
57459
57229
63784
59999
62379
60387
68193
70510
60345
56794
64010
64751
64464
59883
61274
59260
67435
58995
58314
61185
60829
68780
62555
59389
67347
59074
57465
63796
60517
58604
57686
58806
67301
62292
69744
56652
56891
59251
55677
60249
59989
57497
56390
60972
60979
57876
56917
57804
64314
59557
61015
55295
60627
55186
64650
66053
61205
66540
58972
63459
54073
59209
60391
55429
61367
61053
55889
60749
57990
56661
58408
53076
64000
63503
57104
61875
57381
56585
62671
62922
55225
61062
54191
63503
58832
65399
63129
58947
70070
54373
64703
57440
54724
65615
60453
59926
60246
54436
64813
59460
65418
66025
63636
55901
64562
56904
62316
61609
62567
61714
59294
56077
62281
59814
57432
53206
57033
60504
57831
60101
61196
55583
57753
66744
54951
61103
59157
63345
64626
57603
63018
71305
56238
57342
58016
58570
59791
59132
55349
60831
57652
60752
57525
56901
58321
57516
57187
66489
60831
56712
55885
68289
57699
54427
57072
58240
60910
57621
51807
55798
61071
60664
72461
65181
60501
58315
61393
63591
65311
56675
65825
56551
58456
60668
63483
61121
66899
61185
65924
56489
54702
62535
62403
56404
56105
58282
58039
60048
60507
53003
61358
62784
56983
55111
57891
59238
56860
57143
55162
61236
58153
58983
57966
64741
62325
55425
70045
61970
70331
57031
70913
55585
56553
62561
62150
60491
59875
59469
58921
64374
58680
61221
57705
57333
60551
60990
64884
56984
61195
64707
53539
71565
57444
62965
58867
58716
56092
65292
59556
64159
60588
58747
66768
59886
57159
56518
59494
63043
61105
65408
58892
61388
63185
56164
60075
60948
62576
60295
58920
62510
58122
58966
57766
61044
58606
56135
61868
59777
57777
59287
64973
58999
55374
55487
60443
57377
59105
61938
66125
59852
62194
62114
56193
56519
64995
61264
58452
62884
56801
57669
63767
61882
60280
58588
62291
66409
57760
58003
62514
55734
65788
61442
54976
55466
56556
59664
56199
64249
60160
58899
58586
56528
58344
68341
60072
57301
60807
63818
60078
71429
56041
61436
63105
58411
58949
59621
68984
62801
66281
58002
65288
64594
53873
58784
61745
82588
58442
63461
62433
57139
59599
63287
62842
63303
57161
60817
58166
58810
65680
63049
63512
59887
62255
57251
59373
57172
54085
62412
58152
54702
57587
55083
55111
62355
67942
61895
68322
62307
56274
59534
55865
55850
60662
57138
61159
65550
56938
62456
62567
59928
55686
57113
59689
54980
56930
62555
65805
59044
61012
66348
55834
57913
58109
58861
56765
57493
57862
57488
55933
66057
54909
61102
64229
60078
67943
54969
55716
61257
67155
56674
63458
59137
55268
63355
60040
56758
64958
68282
58177
55501
68376
61314
55238
63943
52203
57433
63127
63789
54675
63274
59344
62474
58260
53389
60290
60622
62541
60742
57468
66858
67498
60389
63995
56007
62767
55643
61016
61016
67457
55968
57144
60592
54708
55978
59822
56423
60798
59878
56493
54421
59159
59281
54741
61879
58428
61865
70238
71791
60587
64089
56846
61011
65326
57812
56790
54863
54305
64237
61807
72115
60345
64505
60154
66425
57261
60702
56379
62896
71576
64364
57667
55788
61143
64172
59250
56429
58626
56656
60030
60801
60362
63023
55581
59821
61301
61711
56401
56676
62538
60607
53498
62707
53314
57454
71118
62469
64167
61870
57255
58523
57359
61972
54315
63168
63237
64306
56955
57543
58255
62244
66231
63553
61470
60969
64340
57582
57132
62426
68052
58000
61967
65930
55641
60774
61029
57264
65712
58486
62747
60225
62554
55476
58962
58140
58575
61728
64399
59338
57251
54580
58414
56301
59638
58827
63359
58153
63288
58392
54832
57719
57750
59180
55867
60713
59269
61403
53342
56661
68170
59612
60451
59943
59474
63263
62071
57156
59947
58495
58630
56204
70025
58927
63635
57588
55453
52733
59383
60325
59296
61123
63917
56916
66988
56660
63099
58185
62672
67879
56079
60335
57232
61911
57392
58475
66500
54221
62355
58452
68331
57497
63766
59483
57692
60700
64065
59265
57930
54946
55659
60467
55527
63477
58202
54678
61237
64702
63464
56383
55043
59800
56513
57790
62625
53403
56841
59522
57771
58214
59798
56927
65264
60945
66731
55172
66072
54817
64307
62222
68651
61072
56560
62860
56650
62298
56241
58997
58868
66866
60623
61324
58098
57319
59849
61804
57199
68609
63602
63311
64337
71628
61665
63285
60175
58065
57618
58707
60028
59430
58250
56800
64037
57009
61431
56448
61471
61922
60017
63010
56193
57374
59616
53122
61011
56991
58004
66325
55623
57416
57561
58969
56786
65031
66288
58035
55287
58891
59250
56363
57526
52401
61568
55767
54794
58919
60946
53417
59344
58154
60781
60275
58389
61169
63257
64854
60749
58814
54123
60872
66467
67526
57235
59220
59524
57740
60140
63561
57763
56929
63189
53703
71118
65100
67989
55832
60567
58476
66442
59163
61925
54823
63559
56947
59320
60209
62770
59279
59965
67105
60425
67072
61120
58516
64090
57016
59057
58735
60079
63147
60642
60615
59184
62890
61818
57719
58730
57246
60930
56004
57816
59272
62342
55591
52829
53773
60582
64399
53789
58378
76887
74513
65592
64101
61065
61765
67955
62217
58793
56899
57459
54001
58235
55937
59198
58180
60007
55543
53273
63619
60126
56190
62549
61752
56977
57465
61072
60801
57700
62051
60046
62759
61957
58201
59966
57396
61495
59750
60976
56716
54928
59520
58033
57161
60316
60773
57175
57870
56213
56954
61341
60814
59801
59879
64377
63521
59491
56837
61421
64866
59734
60704
61718
61455
58481
62783
55524
63077
59118
57450
62958
64468
64023
70087
67230
56279
57192
65828
56134
55206
62696
61496
58874
53407
61313
55340
61475
58154
55220
63003
60191
63218
65972
55553
56913
66751
65020
61016
62319
59695
55729
53735
58934
69511
60476
62174
60512
55059
65515
54709
63083
57359
58182
57495
60275
54414
57596
60337
59903
63832
58336
58483
63777
69238
58130
55432
57435
56097
59656
57110
56342
53786
67111
59072
55213
57227
61089
66949
58202
55562
59798
61123
64116
64890
56958
59284
63896
61243
60293
55060
53805
59743
66530
61075
60318
61136
55148
64561
69516
61035
61475
70698
56882
60349
58017
53743
55294
61040
57896
64910
60461
57199
63377
61579
59227
57139
57049
61149
55752
54268
59183
60961
57542
64446
58881
65588
59588
55785
64051
53762
59777
58635
65210
61831
61930
56116
63669
55777
59515
61478
56436
57318
59703
61495
62972
61516
67995
55519
59133
58678
56517
55255
59595
62281
66176
60195
57083
64544
57748
55992
56407
58594
57680
60282
62657
57513
55338
58666
59561
60074
57220
55782
63657
56055
59625
53827
59887
57014
60475
63834
60455
66339
61895
61715
63816
55439
53756
61355
55910
52690
57442
66370
57368
53743
59388
60193
69710
65880
56629
59945
66140
56868
63535
62573
60793
51851
67610
68560
59524
73017
58465
63848
54242
63619
55762
57698
56135
60481
55745
61427
65631
55719
60382
65442
57270
63083
56797
60683
58712
63831
55656
60205
57643
59597
61194
54780
57687
58335
60923
57732
66380
54475
62249
61763
63157
62753
60212
73272
59396
56327
64568
62195
58190
59809
58265
58273
55913
58294
61834
60061
62318
61624
61246
54823
61315
63236
59693
66970
59115
60815
56823
57807
59169
62101
56475
52805
55075
60212
63260
65827
62014
57956
54828
59241
59276
53848
62546
63776
62938
60947
57750
59404
61358
64936
67814
57462
56471
56598
65546
61440
61270
67916
61916
61815
58652
70907
59405
58847
57437
58050
59133
62095
55779
61615
55784
61849
55925
57011
66030
56013
59430
56183
61563
58160
66486
56329
63211
56586
62129
63204
62936
74011
61039
60782
69004
62352
62488
60589
58170
61295
59934
69275
55838
64532
60914
61566
68624
57922
60811
53774
64182
59825
54479
70026
57149
54153
65681
56900
59375
55774
70775
62121
55397
60341
57896
56913
58275
60305
75391
63671
61357
61417
66033
57275
56388
58325
60593
61240
58540
55028
61369
67066
60832
57888
60336
64830
67243
55933
61390
57118
53731
64239
55331
56835
63037
54369
58112
60931
60993
58762
61246
63877
64710
63492
59435
60144
66511
67456
60669
58245
53810
56905
59490
63227
57168
58056
55780
58213
56960
58184
58059
64068
55735
60912
60828
59927
61896
58902
61589
59321
54676
58601
54217
54671
67299
62538
62517
56561
64466
55518
64087
62963
57732
70395
64530
55303
57418
60268
58117
58353
60162
60035
86118
75134
63050
61658
59430
61241
58735
57173
58857
63913
60417
58663
66661
57871
58710
61573
59623
61490
60341
55265
62603
60393
54683
69395
59446
57982
65237
64272
59660
58602
62714
57377
58866
59051
56626
65324
64620
67782
64962
68009
56819
64891
60287
65889
60688
58067
57042
58631
56422
58398
60688
53622
59677
57401
57385
59568
58469
60034
58936
68232
56779
60005
58483
59126
61330
66682
56856
62477
58263
55097
54947
62627
60542
57951
64752
61321
67121
57429
60840
59716
56379
64811
60686
61458
61160
57625
68908
61201
54016
62574
54848
57965
59836
56670
60718
57910
58667
59686
63972
58357
64438
60888
56260
55796
58076
62288
55029
62150
55269
56000
57119
56723
60053
56986
61571
61942
67066
65707
64114
56149
60188
74129
59907
61106
59498
54003
57361
61197
57863
53984
61301
56916
62024
57351
61428
58859
65812
60026
59186
52746
55985
65345
60065
69462
56652
56505
58910
59991
57334
56716
60145
58779
59321
51162
55263
64270
58312
58156
57438
56389
64343
57655
59676
55746
55845
65655
62616
59308
59891
65640
62156
63734
64386
58759
60311
62776
58127
59967
63590
63901
68482
56964
55096
65938
61628
58842
64419
63401
61578
59639
59336
54767
60105
53968
59231
53510
59534
55405
55176
59556
54501
61532
68468
59494
57702
57719
55509
61375
58862
57038
61785
62305
56092
56641
66242
60625
56381
62961
61650
59495
61614
58134
55844
61124
54463
56019
56043
58377
61977
61439
58410
55311
64129
60202
57907
64349
56678
59531
57852
60540
63651
63480
59437
64765
64139
56797
64125
54181
60792
62087
61001
59171
57500
68834
62332
56625
68396
65029
55302
59090
58132
61605
59599
55964
56168
60655
64959
57024
60454
60971
58789
57572
59863
63377
57074
59378
56578
58848
63020
55834
66445
66290
62556
57483
59145
56374
58297
63352
63964
61971
62087
64426
60641
59539
58877
55388
65416
61128
63490
59083
62844
57258
58793
62178
61992
58190
67135
58963
60533
62654
71249
63282
65100
87573
54288
56018
64203
56406
60050
61770
59561
59150
61271
57257
60599
59961
58724
63877
64420
58968
64609
58262
60251
58089
57771
56459
55851
67431
58890
61013
62773
66208
57603
57720
54803
58570
66676
53966
59002
53002
62587
63409
62702
60688
58155
58877
55309
59255
55575
59705
57754
58218
64552
54821
59250
63653
58830
66578
54512
53564
56127
63078
60182
52043
67128
56968
59052
62615
56729
53743
66503
60897
70187
61036
57434
58756
52106
58675
60398
64024
61446
60131
57589
58763
57058
58791
57053
60554
60862
58846
63415
58774
58514
54451
59422
61656
70577
57642
63705
62007
58255
72565
62727
65586
63532
67603
65765
57372
62523
57644
57430
55240
65571
68904
57033
56832
53528
54004
63092
57178
60834
59882
61713
62227
59739
62885
54046
56457
60088
59534
54691
59901
57932
54219
57721
54746
59484
63190
61496
59083
65059
55831
56862
62682
57771
58176
62824
58374
58623
61949
59710
57564
57967
56251
63915
59688
60740
58066
58333
62961
57606
61967
64208
62931
62712
53858
57126
58297
58562
71455
54081
56582
61597
58150
64385
59147
58036
64548
56257
62548
60246
55199
61183
62148
64715
57889
57879
58834
61149
53465
59772
56995
59949
57223
61288
59842
57893
63562
56788
60905
60820
53004
59864
58923
61896
58306
58061
57388
59066
57685
69016
66971
62785
66272
66678
68324
61998
56202
63108
65547
57139
61698
61503
57462
60589
60441
70742
57553
60454
58028
66138
58248
60827
58462
55804
63425
59962
55049
58600
61480
62561
60166
56759
58767
60624
65179
64174
62264
54998
60018
64524
59983
56607
58954
57233
61074
69055
58117
58501
70041
65167
59264
57746
57142
65650
57263
56073
56426
56632
61635
54699
60310
62167
56577
60049
63222
55960
57794
56336
58946
62132
59403
59004
53471
58503
61660
57021
62762
63965
57325
58671
55339
56367
71079
59996
57198
59686
62231
52616
71100
56427
60537
58118
57218
67885
60916
56005
58022
62696
62426
60363
57975
60518
59570
60280
61865
62756
58143
63981
56248
61756
55895
58744
64620
56169
62986
57379
56781
62819
56940
60464
62432
64807
60483
60536
60213
63162
58325
67490
57207
61656
60813
62308
58675
56681
65703
61590
53039
62876
57725
63340
58693
58796
61506
56984
58721
54237
54490
62293
61527
63610
55710
62113
65556
58110
63097
51283
64377
56524
53565
59322
63784
56794
64037
59717
56889
59913
59586
55839
54194
60312
57573
62057
55853
55780
56124
55579
59794
56233
60993
57571
68744
55775
55789
60956
57367
60106
60115
59281
60436
56991
56202
56182
60447
60798
62196
65915
56986
65830
62151
58883
59037
65135
59680
56940
59460
54702
57109
60821
64457
61697
65497
57192
53897
62446
53902
60461
58936
54536
56764
63525
57283
59283
59215
60458
57906
59391
53596
61793
59747
56489
64146
62956
60190
63324
55544
61389
57812
57052
64970
61927
59732
60020
60632
56098
56376
63611
64024
55328
55462
56139
74275
55072
58426
55049
54416
59982
62350
61379
61901
52622
66399
55231
57492
57863
57957
58125
53772
58565
60563
65481
58175
66934
65833
64773
55305
64832
64515
61901
59312
57099
56452
71745
62417
58975
83522
60565
56904
55898
54824
56964
60049
61032
56885
57837
57887
63780
59492
61019
53865
69275
59615
62415
59824
60464
57317
60506
61822
59770
57788
58782
59785
65297
66011
63192
58113
59425
62486
55671
59948
65412
53443
58522
62899
63376
65890
58106
56940
58555
60163
59402
62109
58090
59017
61341
57246
61075
65915
55740
61445
57739
65758
52880
55616
63189
58671
55111
57801
66104
60549
57038
67449
63048
61835
57918
57984
61681
56466
56293
58554
58787
61903
58349
66778
54538
60366
67478
53771
60249
62675
62904
61780
60459
58059
60301
59598
55768
61080
57979
58518
63285
58605
60899
63741
62330
59607
63444
65611
59973
57665
65059
56223
60818
65053
59861
59051
58598
59910
58981
60710
63569
60008
53655
58114
57922
59872
57887
57351
63143
61376
61101
61131
60160
59317
59820
53291
60778
56089
57368
61936
54753
57606
57539
56134
57141
58611
59459
58625
58661
56103
57163
55985
60763
55760
61793
63864
59151
55990
59381
59353
57644
60586
58288
58083
55755
56464
61183
57848
54763
64738
57290
60823
56232
61461
61810
57987
58532
71190
63741
54912
62606
63169
66281
60149
57825
64739
59553
63844
59595
64514
60811
64097
58171
65706
69665
59257
61216
66334
62323
54566
58134
59682
55836
63796
62145
61392
61835
53760
59927
57157
55370
54891
59145
56546
56422
57608
58708
59465
55413
64791
55242
56404
55862
61712
57131
54224
60064
58940
53776
56760
59957
58534
70901
61777
71653
67995
66440
57104
63037
59591
55662
62321
58434
65564
57972
68156
60132
66994
59620
56020
57084
59531
63677
56994
57626
63639
55519
56414
61729
58919
63087
60386
59874
58021
57567
62453
59163
61525
60288
61630
59816
59870
55744
60276
59830
56324
69719
53726
56479
57608
57437
65572
61382
62108
58863
65233
56625
61638
57613
58046
63295
58942
57131
67514
56595
60153
55529
59117
58469
55413
61081
61153
59306
52288
64864
66428
59925
57754
55944
56876
65340
58386
57313
57731
58636
57962
55038
58179
55197
53858
57030
59268
68218
59987
58306
63467
61406
59291
60534
64590
58229
59382
64907
60343
56290
52913
58174
63580
63837
60855
64462
64919
57631
69089
57131
57203
58119
60652
62407
57644
71121
62880
59793
59289
61359
58255
55966
63894
55519
57602
58781
63886
65812
63332
62813
63532
54644
64808
63661
62913
60487
67322
54043
61135
59472
66151
60633
58316
55853
58544
59696
58900
58929
63929
63132
55726
61735
55318
63034
58862
58272
54160
57097
58448
57342
52193
55466
57735
61835
56546
55451
58833
59820
58360
64266
59497
57482
58405
71292
56031
53561
55727
75970
59519
55873
67704
69121
57564
58696
58936
62416
63828
58118
56110
60801
56550
59629
53881
61149
55419
62784
60591
50687
58133
58117
64871
64755
69866
59098
61148
64046
61080
64839
62662
60198
63788
61285
61691
54522
55586
61169
56500
58502
58452
57979
64153
59182
60761
66912
66670
57644
58479
60328
58075
61630
60919
61050
59016
66768
59162
64224
60091
63425
57313
61163
55814
54567
64301
55250
66216
59487
63500
60665
61253
59992
57512
59235
63466
61262
57862
67934
55350
68339
59142
59656
57812
60768
65727
60399
62543
61928
61066
57193
56462
55745
62875
61250
57460
59762
58565
56943
63511
55712
57846
60205
67429
61216
62311
56714
60243
58381
58716
57731
55357
59717
56901
63648
54867
64478
61055
55097
56818
59073
56848
58871
63347
57086
58148
59924
65176
56808
60502
58441
61662
60025
54309
61501
68027
55238
60182
58688
53396
65090
59549
58375
55399
58028
55899
58302
56003
60543
57881
58384
54952
59556
54789
62948
58136
55320
56263
59920
60872
58306
59223
57490
64315
57326
60898
71520
54596
59637
59131
59773
63109
67574
57659
60365
54872
63273
58068
56631
54471
57200
57585
65304
54978
63574
60440
71944
63709
61898
57531
58318
61122
56465
62160
58829
61481
58270
61179
60580
58725
58354
57845
61462
62633
54201
60755
58402
60138
59619
57521
54699
65413
64607
60931
58101
57161
61140
57151
55431
60444
58422
60974
57301
60354
67867
56859
54345
69205
55741
59025
58361
60281
58087
71309
63345
57470
64049
55775
56157
55994
58899
58090
56287
62067
62265
56128
58568
59624
57370
65241
58598
65609
66247
62422
66285
58176
63187
65013
69253
59595
59090
63267
58785
60325
63933
64955
55632
58767
62927
58538
59097
59535
58982
60565
57730
59920
58613
62858
60841
58857
61132
63534
62080
66132
57005
55950
62148
57456
65969
69696
60021
58116
62311
57313
61244
60354
54531
59311
55898
64639
63287
54834
58322
54407
56617
57572
68452
60007
57771
69674
55498
57375
57678
63047
60351
68746
55201
57599
61600
60001
58503
57477
56070
58405
57962
58248
65087
61146
59970
55605
59011
64663
65212
57869
59933
57327
65698
53612
55762
57400
61610
56206
62661
66475
54444
69181
56181
58394
59207
56650
60205
63070
55455
62309
61459
61954
58186
63533
57252
59363
61968
57280
59433
59877
66634
66157
61337
54884
60993
54851
62855
58999
53532
55921
55994
59686
61284
56005
57562
55038
56809
61145
55248
68602
61689
61379
62236
66872
59691
59156
61000
64429
58425
64227
59969
62387
66993
62893
60827
58816
56890
58687
58976
62297
59456
57644
57838
62164
55455
58902
58329
68459
59614
58951
57286
61526
67588
59775
63118
55929
57515
60711
55822
64448
61382
63688
56295
55172
58995
58910
54630
63510
68296
64220
56044
57099
64617
62388
58603
58446
54152
54459
62119
54301
56021
58794
62557
59562
60257
59721
61373
62041
60357
64491
57190
55731
61106
58109
57667
60591
57199
63475
57573
58650
60183
54204
57253
57806
60993
56468
58964
61625
58642
57058
52334
59091
62254
59144
70128
62344
58098
58901
59038
65472
59558
61781
57538
58229
62215
58968
57737
65177
70067
59582
60534
61228
60920
64516
55743
53011
60690
55001
60721
61778
58980
56961
66659
53219
56475
60375
62247
61386
62745
60384
61351
57238
56987
63722
61917
58246
56345
58768
61031
60279
55701
64873
57613
61512
59350
60481
60239
53943
60453
56778
69540
57848
57620
58544
66465
58792
60135
57495
56493
61109
60578
61390
57218
64887
58175
63765
60123
57053
61700
61942
57656
58778
62065
57204
57208
58344
55928
59533
59205
54527
54005
59796
59137
67254
67192
56350
55959
58892
58825
56978
63873
55865
63163
62400
59270
60509
53301
58785
54098
54879
60456
58146
59585
58409
60751
61644
65262
63216
56983
67001
60590
59923
59156
66831
54448
54880
57463
56296
61368
65270
57163
56942
56736
67860
62914
66326
57522
56590
61978
60391
60653
53163
63305
60554
59377
62205
59580
57549
63541
57151
64409
62518
61618
69466
58716
56876
57520
60791
59350
67032
59256
55783
58699
65982
62151
59897
64200
58624
58010
57854
57435
54481
64750
53991
61384
58331
60456
54554
62022
57089
57863
63143
60060
56788
54783
63246
60930
60996
58719
54234
55195
58357
57324
67251
56634
55356
66335
60229
61745
55455
60167
54692
59635
70130
56526
57853
58178
57298
58498
66036
60028
64105
71925
53545
62270
59261
60241
65032
62366
58581
57636
55021
56488
58740
55431
63381
55840
64792
64714
66481
65374
62817
58045
55540
59400
64176
61318
61487
54893
56786
61085
57005
57953
64182
59799
63757
57172
57232
55679
60371
60036
55445
60288
56973
55955
56933
54034
59993
56405
60477
63563
64779
66820
64585
56648
60287
60951
66417
70328
62587
60015
64730
60170
60015
60297
55763
63390
56446
56246
57815
56136
63794
62354
57354
61687
57580
63246
58460
54331
62889
68529
66539
65506
57692
65012
63560
61309
59595
62215
57227
60474
56194
65485
65722
63659
59144
61242
60651
56060
54479
68371
60243
58908
53324
56520
56271
53010
69195
52988
57864
57318
57265
60143
62500
58085
55619
59855
56415
61440
65644
62032
61891
59825
55085
63390
58464
60183
59328
59617
65019
60906
58677
57724
65762
59820
57291
56281
55789
58201
64501
56827
58250
62745
54988
63446
55512
58621
61209
71506
56857
55207
57957
56920
60635
60971
60187
55503
54948
61828
57562
65284
67888
56115
64182
56920
59061
61675
59574
58971
66347
60136
59613
55864
58198
67629
65997
58675
58754
64894
53646
58886
54072
59740
59603
59300
57338
54835
59285
64281
58527
57934
60835
56681
59842
62140
62662
58958
54968
57320
51842
59211
61195
57251
54633
69570
53190
66849
56887
59276
54510
60303
65114
69685
58737
60585
60761
59531
58806
62781
57107
61102
59714
63087
55152
58631
62610
56331
57399
57439
68377
58264
57360
56332
59727
61958
62847
52452
56319
63505
62677
61556
62323
64763
55410
58855
63744
56162
59136
62191
56683
60669
60329
59081
65269
62346
58353
59879
59902
60283
61637
61452
56640
59031
60258
60507
57454
55574
57571
59294
56115
57963
61565
55055
59011
64262
60566
55121
57422
65559
69574
58197
61991
64432
54846
64332
63029
58101
63230
54985
55948
58063
61614
60966
58456
53713
56592
57848
69936
61250
59794
56427
65708
61131
64609
55531
54339
58646
64357
60074
63028
60270
63763
59487
61609
59971
63401
58821
55636
54493
61371
55178
61074
63944
66477
62537
57075
58333
58214
60649
59882
70432
59728
61704
61674
60816
59707
60742
60923
58783
54820
74207
62711
57834
60891
55016
55535
60512
58533
58187
61707
61947
58260
59492
60352
62092
60508
61932
61876
61877
59483
57805
53909
58453
53640
61195
60940
63286
59539
59926
59448
61291
61901
59335
64919
59688
54592
62997
57981
59686
56678
60410
54558
58991
64327
53840
57853
57579
67854
53774
59124
54002
55383
57863
61804
64069
59297
61086
65810
65143
66381
67174
61903
63644
64863
61552
58118
65368
60239
57304
59372
58085
58845
60579
60018
65048
60155
57698
59323
58808
56780
57596
60149
65021
66356
55958
57172
57411
55973
56731
61344
61228
58176
61285
61080
56513
61395
61594
62745
59869
55070
58626
61246
54667
67704
57287
61588
55720
58556
56377
59884
56020
59266
66803
58434
68003
62349
62152
64764
56486
58672
57729
53748
70614
63353
54650
70146
66173
57149
56788
63109
65465
63851
54176
63056
55810
55852
62031
58264
66495
59608
62225
54909
57939
58802
60042
59000
63183
58109
62963
54802
63951
55876
63226
56466
60903
56438
58135
58456
64302
60467
69757
59962
60854
60288
56241
61846
61886
60698
62728
60158
62025
58667
59487
54448
59573
62377
57150
58003
58962
58741
56280
62746
58299
63071
76672
66279
55472
54322
60951
55137
61158
61238
52274
56071
61251
58761
65981
62628
64134
62042
59565
58909
61763
59196
62850
57672
62256
61137
59347
58817
61996
59797
53522
55161
54329
55044
65193
61694
57256
59196
54788
73377
58877
69844
57127
63226
65272
59503
60304
59989
56883
58882
56590
60586
63124
65170
58748
59284
63514
58976
56479
59941
58841
58832
62173
59228
62904
54154
66979
57385
56740
62540
60607
58654
57244
59393
58847
59220
58797
58825
68112
60682
62654
59325
65053
63132
60555
55268
57120
61096
53478
54080
57336
56108
57339
56821
58071
60598
60965
57602
60828
55758
62032
62216
73552
57693
55252
57950
69025
58363
62162
62796
59590
60676
57915
55788
70506
58312
61293
56798
54718
63508
66325
54116
62678
56077
61902
61374
60594
64310
53884
55887
63276
69246
62613
61596
63189
60608
59420
59652
58267
60578
58662
55711
58623
56766
59249
61722
58223
57104
55677
64208
57384
57411
56890
65652
57659
61314
58764
55974
64266
60894
55711
61042
56205
56272
65130
58334
62898
56415
59442
56172
57262
58606
64155
62385
55907
57122
58206
61600
59878
63023
54394
59829
63743
58720
60520
60559
61371
63024
57154
61527
66098
56697
58207
60388
62752
58118
58576
61496
67776
59745
65895
64969
58413
55747
54766
59941
58449
56564
55754
57926
58785
65065
61897
56997
54120
53250
65422
64803
55371
56133
63073
63551
59931
60420
59685
57151
58063
55089
54913
57890
62799
57851
57127
58279
61778
62593
56600
57234
53606
57867
62654
61729
63256
65305
58386
61830
65738
61402
57808
61781
57689
60682
60506
62008
54972
59885
58006
59533
63436
63388
60960
62274
60210
68662
55078
64065
56175
55280
61880
62946
59139
57447
59124
60307
59954
63471
55606
64192
60193
55596
57265
57903
57893
59255
64807
60709
60478
61061
61289
56439
56154
55994
57472
60262
63877
57666
57662
59777
53984
53838
57551
59412
60279
56596
56588
59794
58676
63867
60179
56442
57102
60436
55501
54837
66563
57639
56979
58061
62372
61615
55181
62896
67723
64153
53268
61093
61441
60370
57980
61437
72406
63722
63086
61478
60177
58181
56578
63872
57999
56635
65554
61022
59014
63222
56482
61327
55453
55203
63774
61971
57180
56863
62376
61653
55308
61703
61919
62646
61546
65628
56532
63909
60353
60082
58198
59784
59044
59703
64361
54749
58938
67701
56234
66980
59249
60931
62264
57991
69847
58997
56851
55924
54944
58593
55026
66969
61810
67257
63344
58402
59321
62887
57834
58345
59180
55155
55742
56274
58461
58820
59310
55462
65331
63705
63456
60710
53971
56913
59989
57245
61780
65745
58126
55483
65462
58677
64070
56834
61197
62021
55890
60092
55999
60427
54636
64184
63320
58361
58282
50831
69419
63926
63280
61483
64625
60404
72133
64493
54907
59314
67217
60785
77051
56729
58452
55247
54757
59185
58348
54532
58806
64435
59191
57978
56556
59431
57807
58162
60743
65387
57190
55776
58378
60054
64108
60491
60338
58523
60496
55457
61304
64208
66075
64738
53943
65763
57019
61349
65618
59742
59042
61076
60407
54735
60957
58904
60551
62234
57696
65130
61583
61296
67302
74258
56679
59345
63484
58217
58656
56674
69588
57247
58480
58862
55663
60912
56104
58251
62505
56190
58374
57846
56943
67688
58322
59346
67957
66299
61725
59485
64004
59710
54680
56535
63981
62751
57758
59737
57213
63248
56613
56304
64087
62831
57925
56115
60927
57841
60352
60973
59868
56108
65999
56290
66593
56906
59448
73392
66091
64063
56440
55582
64005
61788
63151
60413
57788
57472
57163
58793
55021
55734
60739
64011
64773
61103
64263
61924
59681
59198
56638
69892
57724
54062
55913
55130
57039
63886
58431
57002
63099
59756
57124
62006
60830
59505
61648
62110
59829
53172
57123
64658
56243
67561
57700
64627
58614
58483
67722
55608
59668
60341
62913
69549
56459
63212
57654
69940
67852
60373
57792
55244
56022
62273
63086
56590
59909
57053
59343
55616
70013
55870
74384
54420
66829
60463
60238
57083
63731
63698
59811
56665
62926
60986
60686
57918
64479
60914
61053
69190
69178
56859
62429
56339
59044
58874
55511
63538
60926
59130
62200
60268
59115
61142
54214
60875
56998
60526
57294
60625
55249
54804
55684
66193
57751
62432
55376
62274
56216
61060
66430
55783
57294
61797
60952
62380
60224
60927
60054
56948
62769
59130
56109
68541
62249
58616
56392
58164
56801
57050
56190
60609
61970
61244
61964
63448
58345
60609
63607
61824
58763
56666
65501
59654
58051
63455
59938
60128
62003
63389
62937
71276
64312
61615
58428
54288
64550
66450
61874
61406
67950
57620
60052
56978
62092
56943
60533
62177
62684
56867
60988
57358
56523
65159
62238
58379
60040
62900
55239
65928
59636
57616
57977
57349
58410
62630
61264
56790
60668
70827
59584
58210
64962
61453
58335
61923
66448
68721
56355
66452
62394
58753
62891
62656
60916
67861
63642
58674
62682
57116
55754
59318
59059
60238
61155
55479
62157
60346
57739
56231
62030
60810
56923
54854
69495
58863
54776
70812
58965
56892
58509
54093
58675
56562
58054
61028
56585
59474
59959
59238
64740
64433
56060
57122
62127
63277
59639
54438
52255
62398
58133
66471
60315
61312
62488
56786
58493
58776
56860
59979
58280
63102
60204
64336
59292
60224
60330
61891
58434
58437
66856
56482
58624
58863
60959
63592
56437
64155
56461
56778
59439
59576
64822
63004
56324
62647
63597
57850
57357
63366
55794
70032
58984
58197
59673
67313
58779
61087
59086
60276
59305
74933
59137
64397
56788
60088
56653
74056
61409
60753
55646
65453
59888
57199
69545
57048
59861
58021
62882
57273
66954
62929
56308
58873
61971
60007
66075
60878
58833
64339
57375
64640
61306
60477
62044
57383
58213
60278
59380
62224
56543
61547
52219
59915
58379
59166
59995
59527
58236
63940
69096
58612
60098
58428
56285
55265
59461
58942
60502
63977
62674
56180
55397
66223
61289
57028
62463
59988
66931
58635
62359
61572
61328
58819
63865
56449
63097
67227
54962
58537
61969
59262
58281
60979
62902
60910
60506
56902
61080
60427
57457
59132
64945
56845
62287
57557
60183
55931
58385
56918
60297
62048
64019
59164
65468
59300
70739
56676
60239
63230
63094
66145
60244
59296
62259
56977
58220
60972
62895
53948
57867
59188
59817
61098
56272
57142
64558
59649
53396
62058
63194
65535
57024
64525
63501
57580
57685
60415
66397
52018
63432
63590
59398
54384
54563
62111
64273
63897
64755
55164
57873
64109
59110
54083
57776
56123
61555
64315
60771
61605
66024
62335
60523
58133
57689
63421
61046
60255
58627
52475
58835
67471
