57065
63853
59756
61225
58146
65370
55918
58991
56550
64843
54828
55270
58269
58636
71020
57282
59142
56096
63335
64174
57606
59049
56897
55277
62649
59566
58652
57981
59437
60037
61352
58673
58654
59245
54020
64113
54726
58506
61506
61429
66550
58430
59039
63546
58024
56839
62085
58199
65405
58243
59598
52646
65848
55327
66341
53569
56946
58708
58459
57954
56478
56391
65225
57974
60680
60142
52873
65958
58253
66583
55635
59033
68509
58877
59783
59599
60529
58615
61531
55983
58110
57054
63675
58384
59989
61944
58584
63635
75296
67207
54176
59700
64980
55997
60844
59689
58446
61299
63182
59885
58327
61234
65449
61454
61336
59676
56868
64837
62183
57541
58829
57204
54762
57610
60134
56371
63613
58154
57192
58791
63092
56817
63375
59931
63528
56961
55707
69281
59606
64715
63248
67525
56788
65826
58578
60771
64106
55130
58913
55912
57143
65886
59431
65757
61933
58704
56992
54063
56091
56499
58569
58734
65626
65166
59619
59079
60175
57335
60997
56147
56706
60713
60785
60138
73862
60361
55590
58141
67901
56295
55463
57555
59734
54876
58427
66707
56259
56428
56051
67023
61832
59843
67864
58323
61262
64446
54844
64427
55236
81591
57376
67806
61690
57672
58838
65984
56896
56311
60212
63615
56952
58690
61975
57174
59291
56871
61740
59442
60018
58501
61612
59545
62749
57304
61738
61920
58621
56342
65421
58001
59628
65897
57845
55416
54985
57348
58062
56129
55119
58255
63319
54504
56507
58306
56459
63377
57027
62265
57900
56963
57459
57229
63784
59999
62379
60387
68193
70510
60345
56794
64010
64751
64464
59883
61274
59260
67435
58995
58314
61185
60829
68780
62555
59389
67347
59074
57465
63796
60517
58604
57686
58806
67301
62292
69744
56652
56891
59251
55677
60249
59989
57497
56390
60972
60979
57876
56917
57804
64314
59557
61015
55295
60627
55186
64650
66053
61205
66540
58972
63459
54073
59209
60391
55429
61367
61053
55889
60749
57990
56661
58408
53076
64000
63503
57104
61875
57381
56585
62671
62922
55225
61062
54191
63503
58832
65399
63129
58947
70070
54373
64703
57440
54724
65615
60453
59926
60246
54436
64813
59460
65418
66025
63636
55901
64562
56904
62316
61609
62567
61714
59294
56077
62281
59814
57432
53206
57033
60504
57831
60101
61196
55583
57753
66744
54951
61103
59157
63345
64626
57603
63018
71305
56238
57342
58016
58570
59791
59132
55349
60831
57652
60752
57525
56901
58321
57516
57187
66489
60831
56712
55885
68289
57699
54427
57072
58240
60910
57621
51807
55798
61071
60664
72461
65181
60501
58315
61393
63591
65311
56675
65825
56551
58456
60668
63483
61121
66899
61185
65924
56489
54702
62535
62403
56404
56105
58282
58039
60048
60507
53003
61358
62784
56983
55111
57891
59238
56860
57143
55162
61236
58153
58983
57966
64741
62325
55425
70045
61970
70331
57031
70913
55585
56553
62561
62150
60491
59875
59469
58921
64374
58680
61221
57705
57333
60551
60990
64884
56984
61195
64707
53539
71565
57444
62965
58867
58716
56092
65292
59556
64159
60588
58747
66768
59886
57159
56518
59494
63043
61105
65408
58892
61388
63185
56164
60075
60948
62576
60295
58920
62510
58122
58966
57766
61044
58606
56135
61868
59777
57777
59287
64973
58999
55374
55487
60443
57377
59105
61938
66125
59852
62194
62114
56193
56519
64995
61264
58452
62884
56801
57669
63767
61882
60280
58588
62291
66409
57760
58003
62514
55734
65788
61442
54976
55466
56556
59664
56199
64249
60160
58899
58586
56528
58344
68341
60072
57301
60807
63818
60078
71429
56041
61436
63105
58411
58949
59621
68984
62801
66281
58002
65288
64594
53873
58784
61745
82588
58442
63461
62433
57139
59599
63287
62842
63303
57161
60817
58166
58810
65680
63049
63512
59887
62255
57251
59373
57172
54085
62412
58152
54702
57587
55083
55111
62355
67942
61895
68322
62307
56274
59534
55865
55850
60662
57138
61159
65550
56938
62456
62567
59928
55686
57113
59689
54980
56930
62555
65805
59044
61012
66348
55834
57913
58109
58861
56765
57493
57862
57488
55933
66057
54909
61102
64229
60078
67943
54969
55716
61257
67155
56674
63458
59137
55268
63355
60040
56758
64958
68282
58177
55501
68376
61314
55238
63943
52203
57433
63127
63789
54675
63274
59344
62474
58260
53389
60290
60622
62541
60742
57468
66858
67498
60389
63995
56007
62767
55643
61016
61016
67457
55968
57144
60592
54708
55978
59822
56423
60798
59878
56493
54421
59159
59281
54741
61879
58428
61865
70238
71791
60587
64089
56846
61011
65326
57812
56790
54863
54305
64237
61807
72115
60345
64505
60154
66425
57261
60702
56379
62896
71576
64364
57667
55788
61143
64172
59250
56429
58626
56656
60030
60801
60362
63023
55581
59821
61301
61711
56401
56676
62538
60607
53498
62707
53314
57454
71118
62469
64167
61870
57255
58523
57359
61972
54315
63168
63237
64306
56955
57543
58255
62244
66231
63553
61470
60969
64340
57582
57132
62426
68052
58000
61967
65930
55641
60774
61029
57264
65712
58486
62747
60225
62554
55476
58962
58140
58575
61728
64399
59338
57251
54580
58414
56301
59638
58827
63359
58153
63288
58392
54832
57719
57750
59180
55867
60713
59269
61403
53342
56661
68170
59612
60451
59943
59474
63263
62071
57156
59947
58495
58630
56204
70025
58927
63635
57588
55453
52733
59383
60325
59296
61123
63917
56916
66988
56660
63099
58185
62672
67879
56079
60335
57232
61911
57392
58475
66500
54221
62355
58452
68331
57497
63766
59483
57692
60700
64065
59265
57930
54946
55659
60467
55527
63477
58202
54678
61237
64702
63464
56383
55043
59800
56513
57790
62625
53403
56841
59522
57771
58214
59798
56927
65264
60945
66731
55172
66072
54817
64307
62222
68651
61072
56560
62860
56650
62298
56241
58997
58868
66866
60623
61324
58098
57319
59849
61804
57199
68609
63602
63311
64337
71628
61665
63285
60175
58065
57618
58707
60028
59430
58250
56800
64037
57009
61431
56448
61471
61922
60017
63010
56193
57374
59616
53122
61011
56991
58004
66325
55623
57416
57561
58969
56786
65031
66288
58035
55287
58891
59250
56363
57526
52401
61568
55767
54794
58919
60946
53417
59344
58154
60781
60275
58389
61169
63257
64854
60749
58814
54123
60872
66467
67526
57235
59220
59524
57740
60140
63561
57763
56929
63189
53703
71118
65100
67989
55832
60567
58476
66442
59163
61925
54823
63559
56947
59320
60209
62770
59279
59965
67105
60425
67072
61120
58516
64090
57016
59057
58735
60079
63147
60642
60615
59184
62890
61818
57719
58730
57246
60930
56004
57816
59272
62342
55591
52829
53773
60582
64399
53789
58378
76887
74513
65592
64101
61065
61765
67955
62217
58793
56899
57459
54001
58235
55937
59198
58180
60007
55543
53273
63619
60126
56190
62549
61752
56977
57465
61072
60801
57700
62051
60046
62759
61957
58201
59966
57396
61495
59750
60976
56716
54928
59520
58033
57161
60316
60773
57175
57870
56213
56954
61341
60814
59801
59879
64377
63521
59491
56837
61421
64866
59734
60704
61718
61455
58481
62783
55524
63077
59118
57450
62958
64468
64023
70087
67230
56279
57192
65828
56134
55206
62696
61496
58874
53407
61313
55340
61475
58154
55220
63003
60191
63218
65972
55553
56913
66751
65020
61016
62319
59695
55729
53735
58934
69511
60476
62174
60512
55059
65515
54709
63083
57359
58182
57495
60275
54414
57596
60337
59903
63832
58336
58483
63777
69238
58130
55432
57435
56097
59656
57110
56342
53786
67111
59072
55213
57227
61089
66949
58202
55562
59798
61123
64116
64890
56958
59284
63896
61243
60293
55060
53805
59743
66530
61075
60318
61136
55148
64561
69516
61035
61475
70698
56882
60349
58017
53743
55294
61040
57896
64910
60461
57199
63377
61579
59227
57139
57049
61149
55752
54268
59183
60961
57542
64446
58881
65588
59588
55785
64051
53762
59777
58635
65210
61831
61930
56116
63669
55777
59515
61478
56436
57318
59703
61495
62972
61516
67995
55519
59133
58678
56517
55255
59595
62281
66176
60195
57083
64544
57748
55992
56407
58594
57680
60282
62657
57513
55338
58666
59561
60074
57220
55782
63657
56055
59625
53827
59887
57014
60475
63834
60455
66339
61895
61715
63816
55439
53756
61355
55910
52690
57442
66370
57368
53743
59388
60193
69710
65880
56629
59945
66140
56868
63535
62573
60793
51851
67610
68560
59524
73017
58465
63848
54242
63619
55762
57698
56135
60481
55745
61427
65631
55719
60382
65442
57270
63083
56797
60683
58712
63831
55656
60205
57643
59597
61194
54780
57687
58335
60923
57732
66380
54475
62249
61763
63157
62753
60212
73272
59396
56327
64568
62195
58190
59809
58265
58273
55913
58294
61834
60061
62318
61624
61246
54823
61315
63236
59693
66970
59115
60815
56823
57807
59169
62101
56475
52805
55075
60212
63260
65827
62014
57956
54828
59241
59276
53848
62546
63776
62938
60947
57750
59404
61358
64936
67814
57462
56471
56598
65546
61440
61270
67916
61916
61815
58652
70907
59405
58847
57437
58050
59133
62095
55779
61615
55784
61849
55925
57011
66030
56013
59430
56183
61563
58160
66486
56329
63211
56586
62129
63204
62936
74011
61039
60782
69004
62352
62488
60589
58170
61295
59934
69275
55838
64532
60914
61566
68624
57922
60811
53774
64182
59825
54479
70026
57149
54153
65681
56900
59375
55774
70775
62121
55397
60341
57896
56913
58275
60305
75391
63671
61357
61417
66033
57275
56388
58325
60593
61240
58540
55028
61369
67066
60832
57888
60336
64830
67243
55933
61390
57118
53731
64239
55331
56835
63037
54369
58112
60931
60993
58762
61246
63877
64710
63492
59435
60144
66511
67456
60669
58245
53810
56905
59490
63227
57168
58056
55780
58213
56960
58184
58059
64068
55735
60912
60828
59927
61896
58902
61589
59321
54676
58601
54217
54671
67299
62538
62517
56561
64466
55518
64087
62963
57732
70395
64530
55303
57418
60268
58117
58353
60162
60035
86118
75134
63050
61658
59430
61241
58735
57173
58857
63913
60417
58663
66661
57871
58710
61573
59623
61490
60341
55265
62603
60393
54683
69395
59446
57982
65237
64272
59660
58602
62714
57377
58866
59051
56626
65324
64620
67782
64962
68009
56819
64891
60287
65889
60688
58067
57042
58631
56422
58398
60688
53622
59677
57401
57385
59568
58469
60034
58936
68232
56779
60005
58483
59126
61330
66682
56856
62477
58263
55097
54947
62627
60542
57951
64752
61321
67121
57429
60840
59716
56379
64811
60686
61458
61160
57625
68908
61201
54016
62574
54848
57965
59836
56670
60718
57910
58667
59686
63972
58357
64438
60888
56260
55796
58076
62288
55029
62150
55269
56000
57119
56723
60053
56986
61571
61942
67066
65707
64114
56149
60188
74129
59907
61106
59498
54003
57361
61197
57863
53984
61301
56916
62024
57351
61428
58859
65812
60026
59186
52746
55985
65345
60065
69462
56652
56505
58910
59991
57334
56716
60145
58779
59321
51162
55263
64270
58312
58156
57438
56389
64343
57655
59676
55746
55845
65655
62616
59308
59891
65640
62156
63734
64386
58759
60311
62776
58127
59967
63590
63901
68482
56964
55096
65938
61628
58842
64419
63401
61578
59639
59336
54767
60105
53968
59231
53510
59534
55405
55176
59556
54501
61532
68468
59494
57702
57719
55509
61375
58862
57038
61785
62305
56092
56641
66242
60625
56381
62961
61650
59495
61614
58134
55844
61124
54463
56019
56043
58377
61977
61439
58410
55311
64129
60202
57907
64349
56678
59531
57852
60540
63651
63480
59437
64765
64139
56797
64125
54181
60792
62087
61001
59171
57500
68834
62332
56625
68396
65029
55302
59090
58132
61605
59599
55964
56168
60655
64959
57024
60454
60971
58789
57572
59863
63377
57074
59378
56578
58848
63020
55834
66445
66290
62556
57483
59145
56374
58297
63352
63964
61971
62087
64426
60641
59539
58877
55388
65416
61128
63490
59083
62844
57258
58793
62178
61992
58190
67135
58963
60533
62654
71249
63282
65100
87573
54288
56018
64203
56406
60050
61770
59561
59150
61271
57257
60599
59961
58724
63877
64420
58968
64609
58262
60251
58089
57771
56459
55851
67431
58890
61013
62773
66208
57603
57720
54803
58570
66676
53966
59002
53002
62587
63409
62702
60688
58155
58877
55309
59255
55575
59705
57754
58218
64552
54821
59250
63653
58830
66578
54512
53564
56127
63078
60182
52043
67128
56968
59052
62615
56729
53743
66503
60897
70187
61036
57434
58756
52106
58675
60398
64024
61446
60131
57589
58763
57058
58791
57053
60554
60862
58846
63415
58774
58514
54451
59422
61656
70577
57642
63705
62007
58255
72565
62727
65586
63532
67603
65765
57372
62523
57644
57430
55240
65571
68904
57033
56832
53528
54004
63092
57178
60834
59882
61713
62227
59739
62885
54046
56457
60088
59534
54691
59901
57932
54219
57721
54746
59484
63190
61496
59083
65059
55831
56862
62682
57771
58176
62824
58374
58623
61949
59710
57564
57967
56251
63915
59688
60740
58066
58333
62961
57606
61967
64208
62931
62712
53858
57126
58297
58562
71455
54081
56582
61597
58150
64385
59147
58036
64548
56257
62548
60246
55199
61183
62148
64715
57889
57879
58834
61149
53465
59772
56995
59949
57223
61288
59842
57893
63562
56788
60905
60820
53004
59864
58923
61896
58306
58061
57388
59066
57685
69016
66971
62785
66272
66678
68324
61998
56202
63108
65547
57139
61698
61503
57462
60589
60441
70742
57553
60454
58028
66138
58248
60827
58462
55804
63425
59962
55049
58600
61480
62561
60166
56759
58767
60624
65179
64174
62264
54998
60018
64524
59983
56607
58954
57233
61074
69055
58117
58501
70041
65167
59264
57746
57142
65650
57263
56073
56426
56632
61635
54699
60310
62167
56577
60049
63222
55960
57794
56336
58946
62132
59403
59004
53471
58503
61660
57021
62762
63965
57325
58671
55339
56367
71079
59996
57198
59686
62231
52616
71100
56427
60537
58118
57218
67885
60916
56005
58022
62696
62426
60363
57975
60518
59570
60280
61865
62756
58143
63981
56248
61756
55895
58744
64620
56169
62986
57379
56781
62819
56940
60464
62432
64807
60483
60536
60213
63162
58325
67490
57207
61656
60813
62308
58675
56681
65703
61590
53039
62876
57725
63340
58693
58796
61506
56984
58721
54237
54490
62293
61527
63610
55710
62113
65556
58110
63097
51283
64377
56524
53565
59322
63784
56794
64037
59717
56889
59913
59586
55839
54194
60312
57573
62057
55853
55780
56124
55579
59794
56233
60993
57571
68744
55775
55789
60956
57367
60106
60115
59281
60436
56991
56202
56182
60447
60798
62196
65915
56986
65830
62151
58883
59037
65135
59680
56940
59460
54702
57109
60821
64457
61697
65497
57192
53897
62446
53902
60461
58936
54536
56764
63525
57283
59283
59215
60458
57906
59391
53596
61793
59747
56489
64146
62956
60190
63324
55544
61389
57812
57052
64970
61927
59732
60020
60632
56098
56376
63611
64024
55328
55462
56139
74275
55072
58426
55049
54416
59982
62350
61379
61901
52622
66399
55231
57492
57863
57957
58125
53772
58565
60563
65481
58175
66934
65833
64773
55305
64832
64515
61901
59312
57099
56452
71745
62417
58975
83522
60565
56904
55898
54824
56964
60049
61032
56885
57837
57887
63780
59492
61019
53865
69275
59615
62415
59824
60464
57317
60506
61822
59770
57788
58782
59785
65297
66011
63192
58113
59425
62486
55671
59948
65412
53443
58522
62899
63376
65890
58106
56940
58555
60163
59402
62109
58090
59017
61341
57246
61075
65915
55740
61445
57739
65758
52880
55616
63189
58671
55111
57801
66104
60549
57038
67449
63048
61835
57918
57984
61681
56466
56293
58554
58787
61903
58349
66778
54538
60366
67478
53771
60249
62675
62904
61780
60459
58059
60301
59598
55768
61080
57979
58518
63285
58605
60899
63741
62330
59607
63444
65611
59973
57665
65059
56223
60818
65053
59861
59051
58598
59910
58981
60710
63569
60008
53655
58114
57922
59872
57887
57351
63143
61376
61101
61131
60160
59317
59820
53291
60778
56089
57368
61936
54753
57606
57539
56134
57141
58611
59459
58625
58661
56103
57163
55985
60763
55760
61793
63864
59151
55990
59381
59353
57644
60586
58288
58083
55755
56464
61183
57848
54763
64738
57290
60823
56232
61461
61810
57987
58532
71190
63741
54912
62606
63169
66281
60149
57825
64739
59553
63844
59595
64514
60811
64097
58171
65706
69665
59257
61216
66334
62323
54566
58134
59682
55836
63796
62145
61392
61835
53760
59927
57157
55370
54891
59145
56546
56422
57608
58708
59465
55413
64791
55242
56404
55862
61712
57131
54224
60064
58940
53776
56760
59957
58534
70901
61777
71653
67995
66440
57104
63037
59591
55662
62321
58434
65564
57972
68156
60132
66994
59620
56020
57084
59531
63677
56994
57626
63639
55519
56414
61729
58919
63087
60386
59874
58021
57567
62453
59163
61525
60288
61630
59816
59870
55744
60276
59830
56324
69719
53726
56479
57608
57437
65572
61382
62108
58863
65233
56625
61638
57613
58046
63295
58942
57131
67514
56595
60153
55529
59117
58469
55413
61081
61153
59306
52288
64864
66428
59925
57754
55944
56876
65340
58386
57313
57731
58636
57962
55038
58179
55197
53858
57030
59268
68218
59987
58306
63467
61406
59291
60534
64590
58229
59382
64907
60343
56290
52913
58174
63580
63837
60855
64462
64919
57631
69089
57131
57203
58119
60652
62407
57644
71121
62880
59793
59289
61359
58255
55966
63894
55519
57602
58781
63886
65812
63332
62813
63532
54644
64808
63661
62913
60487
67322
54043
61135
59472
66151
60633
58316
55853
58544
59696
58900
58929
63929
63132
55726
61735
55318
63034
58862
58272
54160
57097
58448
57342
52193
55466
57735
61835
56546
55451
58833
59820
58360
64266
59497
57482
58405
71292
56031
53561
55727
75970
59519
55873
67704
69121
57564
58696
58936
62416
63828
58118
56110
60801
56550
59629
53881
61149
55419
62784
60591
50687
58133
58117
64871
64755
69866
59098
61148
64046
61080
64839
62662
60198
63788
61285
61691
54522
55586
61169
56500
58502
58452
57979
64153
59182
60761
66912
66670
57644
58479
60328
58075
61630
60919
61050
59016
66768
59162
64224
60091
63425
57313
61163
55814
54567
64301
55250
66216
59487
63500
60665
61253
59992
57512
59235
63466
61262
57862
67934
55350
68339
59142
59656
57812
60768
65727
60399
62543
61928
61066
57193
56462
55745
62875
61250
57460
59762
58565
56943
63511
55712
57846
60205
67429
61216
62311
56714
60243
58381
58716
57731
55357
59717
56901
63648
54867
64478
61055
55097
56818
59073
56848
58871
63347
57086
58148
59924
65176
56808
60502
58441
61662
60025
54309
61501
68027
55238
60182
58688
53396
65090
59549
58375
55399
58028
55899
58302
56003
60543
57881
58384
54952
59556
54789
62948
58136
55320
56263
59920
60872
58306
59223
57490
64315
57326
60898
71520
54596
59637
59131
59773
63109
67574
57659
60365
54872
63273
58068
56631
54471
57200
57585
65304
54978
63574
60440
71944
63709
61898
57531
58318
61122
56465
62160
58829
61481
58270
61179
60580
58725
58354
57845
61462
62633
54201
60755
58402
60138
59619
57521
54699
65413
64607
60931
58101
57161
61140
57151
55431
60444
58422
60974
57301
60354
67867
56859
54345
69205
55741
59025
58361
60281
58087
71309
63345
57470
64049
55775
56157
55994
58899
58090
56287
62067
62265
56128
58568
59624
57370
65241
58598
65609
66247
62422
66285
58176
63187
65013
69253
59595
59090
63267
58785
60325
63933
64955
55632
58767
62927
58538
59097
59535
58982
60565
57730
59920
58613
62858
60841
58857
61132
63534
62080
66132
57005
55950
62148
57456
65969
69696
60021
58116
62311
57313
61244
60354
54531
59311
55898
64639
63287
54834
58322
54407
56617
57572
68452
60007
57771
69674
55498
57375
57678
63047
60351
68746
55201
57599
61600
60001
58503
57477
56070
58405
57962
58248
65087
61146
59970
55605
59011
64663
65212
57869
59933
57327
65698
53612
55762
57400
61610
56206
62661
66475
54444
69181
56181
58394
59207
56650
60205
63070
55455
62309
61459
61954
58186
63533
57252
59363
61968
57280
59433
59877
66634
66157
61337
54884
60993
54851
62855
58999
53532
55921
55994
59686
61284
56005
57562
55038
56809
61145
55248
68602
61689
61379
62236
66872
59691
59156
61000
64429
58425
64227
59969
62387
66993
62893
60827
58816
56890
58687
58976
62297
59456
57644
57838
62164
55455
58902
58329
68459
59614
58951
57286
61526
67588
59775
63118
55929
57515
60711
55822
64448
61382
63688
56295
55172
58995
58910
54630
63510
68296
64220
56044
57099
64617
62388
58603
58446
54152
54459
62119
54301
56021
58794
62557
59562
60257
59721
61373
62041
60357
64491
57190
55731
61106
58109
57667
60591
57199
63475
57573
58650
60183
54204
57253
57806
60993
56468
58964
61625
58642
57058
52334
59091
62254
59144
70128
62344
58098
58901
59038
65472
59558
61781
57538
58229
62215
58968
57737
65177
70067
59582
60534
61228
60920
64516
55743
53011
60690
55001
60721
61778
58980
56961
66659
53219
56475
60375
62247
61386
62745
60384
61351
57238
56987
63722
61917
58246
56345
58768
61031
60279
55701
64873
57613
61512
59350
60481
60239
53943
60453
56778
69540
57848
57620
58544
66465
58792
60135
57495
56493
61109
60578
61390
57218
64887
58175
63765
60123
57053
61700
61942
57656
58778
62065
57204
57208
58344
55928
59533
59205
54527
54005
59796
59137
67254
67192
56350
55959
58892
58825
56978
63873
55865
63163
62400
59270
60509
53301
58785
54098
54879
60456
58146
59585
58409
60751
61644
65262
63216
56983
67001
60590
59923
59156
66831
54448
54880
57463
56296
61368
65270
57163
56942
56736
67860
62914
66326
57522
56590
61978
60391
60653
53163
63305
60554
59377
62205
59580
57549
63541
57151
64409
62518
61618
69466
58716
56876
57520
60791
59350
67032
59256
55783
58699
65982
62151
59897
64200
58624
58010
57854
57435
54481
64750
53991
61384
58331
60456
54554
62022
57089
57863
63143
60060
56788
54783
63246
60930
60996
58719
54234
55195
58357
57324
67251
56634
55356
66335
60229
61745
55455
60167
54692
59635
70130
56526
57853
58178
57298
58498
66036
60028
64105
71925
53545
62270
59261
60241
65032
62366
58581
57636
55021
56488
58740
55431
63381
55840
64792
64714
66481
65374
62817
58045
55540
59400
64176
61318
61487
54893
56786
61085
57005
57953
64182
59799
63757
57172
57232
55679
60371
60036
55445
60288
56973
55955
56933
54034
59993
56405
60477
63563
64779
66820
64585
56648
60287
60951
66417
70328
62587
60015
64730
60170
60015
60297
55763
63390
56446
56246
57815
56136
63794
62354
57354
61687
57580
63246
58460
54331
62889
68529
66539
65506
57692
65012
63560
61309
59595
62215
57227
60474
56194
65485
65722
63659
59144
61242
60651
56060
54479
68371
60243
58908
53324
56520
56271
53010
69195
52988
57864
57318
57265
60143
62500
58085
55619
59855
56415
61440
65644
62032
61891
59825
55085
63390
58464
60183
59328
59617
65019
60906
58677
57724
65762
59820
57291
56281
55789
58201
64501
56827
58250
62745
54988
63446
55512
58621
61209
71506
56857
55207
57957
56920
60635
60971
60187
55503
54948
61828
57562
65284
67888
56115
64182
56920
59061
61675
59574
58971
66347
60136
59613
55864
58198
67629
65997
58675
58754
64894
53646
58886
54072
59740
59603
59300
57338
54835
59285
64281
58527
57934
60835
56681
59842
62140
62662
58958
54968
57320
51842
59211
61195
57251
54633
69570
53190
66849
56887
59276
54510
60303
65114
69685
58737
60585
60761
59531
58806
62781
57107
61102
59714
63087
55152
58631
62610
56331
57399
57439
68377
58264
57360
56332
59727
61958
62847
52452
56319
63505
62677
61556
62323
64763
55410
58855
63744
56162
59136
62191
56683
60669
60329
59081
65269
62346
58353
59879
59902
60283
61637
61452
56640
59031
60258
60507
57454
55574
57571
59294
56115
57963
61565
55055
59011
64262
60566
55121
57422
65559
69574
58197
61991
64432
54846
64332
63029
58101
63230
54985
55948
58063
61614
60966
58456
53713
56592
57848
69936
61250
59794
56427
65708
61131
64609
55531
54339
58646
64357
60074
63028
60270
63763
59487
61609
59971
63401
58821
55636
54493
61371
55178
61074
63944
66477
62537
57075
58333
58214
60649
59882
70432
59728
61704
61674
60816
59707
60742
60923
58783
54820
74207
62711
57834
60891
55016
55535
60512
58533
58187
61707
61947
58260
59492
60352
62092
60508
61932
61876
61877
59483
57805
53909
58453
53640
61195
60940
63286
59539
59926
59448
61291
61901
59335
64919
59688
54592
62997
57981
59686
56678
60410
54558
58991
64327
53840
57853
57579
67854
53774
59124
54002
55383
57863
61804
64069
59297
61086
65810
65143
66381
67174
61903
63644
64863
61552
58118
65368
60239
57304
59372
58085
58845
60579
60018
65048
60155
57698
59323
58808
56780
57596
60149
65021
66356
55958
57172
57411
55973
56731
61344
61228
58176
61285
61080
56513
61395
61594
62745
59869
55070
58626
61246
54667
67704
57287
61588
55720
58556
56377
59884
56020
59266
66803
58434
68003
62349
62152
64764
56486
58672
57729
53748
70614
63353
54650
70146
66173
57149
56788
63109
65465
63851
54176
63056
55810
55852
62031
58264
66495
59608
62225
54909
57939
58802
60042
59000
63183
58109
62963
54802
63951
55876
63226
56466
60903
56438
58135
58456
64302
60467
69757
59962
60854
60288
56241
61846
61886
60698
62728
60158
62025
58667
59487
54448
59573
62377
57150
58003
58962
58741
56280
62746
58299
63071
76672
66279
55472
54322
60951
55137
61158
61238
52274
56071
61251
58761
65981
62628
64134
62042
59565
58909
61763
59196
62850
57672
62256
61137
59347
58817
61996
59797
53522
55161
54329
55044
65193
61694
57256
59196
54788
73377
58877
69844
57127
63226
65272
59503
60304
59989
56883
58882
56590
60586
63124
65170
58748
59284
63514
58976
56479
59941
58841
58832
62173
59228
62904
54154
66979
57385
56740
62540
60607
58654
57244
59393
58847
59220
58797
58825
68112
60682
62654
59325
65053
63132
60555
55268
57120
61096
53478
54080
57336
56108
57339
56821
58071
60598
60965
57602
60828
55758
62032
62216
73552
57693
55252
57950
69025
58363
62162
62796
59590
60676
57915
55788
70506
58312
61293
56798
54718
63508
66325
54116
62678
56077
61902
61374
60594
64310
53884
55887
63276
69246
62613
61596
63189
60608
59420
59652
58267
60578
58662
55711
58623
56766
59249
61722
58223
57104
55677
64208
57384
57411
56890
65652
57659
61314
58764
55974
64266
60894
55711
61042
56205
56272
65130
58334
62898
56415
59442
56172
57262
58606
64155
62385
55907
57122
58206
61600
59878
63023
54394
59829
63743
58720
60520
60559
61371
63024
57154
61527
66098
56697
58207
60388
62752
58118
58576
61496
67776
59745
65895
64969
58413
55747
54766
59941
58449
56564
55754
57926
58785
65065
61897
56997
54120
53250
65422
64803
55371
56133
63073
63551
59931
60420
59685
57151
58063
55089
54913
57890
62799
57851
57127
58279
61778
62593
56600
57234
53606
57867
62654
61729
63256
65305
58386
61830
65738
61402
57808
61781
57689
60682
60506
62008
54972
59885
58006
59533
63436
63388
60960
62274
60210
68662
55078
64065
56175
55280
61880
62946
59139
57447
59124
60307
59954
63471
55606
64192
60193
55596
57265
57903
57893
59255
64807
60709
60478
61061
61289
56439
56154
55994
57472
60262
63877
57666
57662
59777
53984
53838
57551
59412
60279
56596
56588
59794
58676
63867
60179
56442
57102
60436
55501
54837
66563
57639
56979
58061
62372
61615
55181
62896
67723
64153
53268
61093
61441
60370
57980
61437
72406
63722
63086
61478
60177
58181
56578
63872
57999
56635
65554
61022
59014
63222
56482
61327
55453
55203
63774
61971
57180
56863
62376
61653
55308
61703
61919
62646
61546
65628
56532
63909
60353
60082
58198
59784
59044
59703
64361
54749
58938
67701
56234
66980
59249
60931
62264
57991
69847
58997
56851
55924
54944
58593
55026
66969
61810
67257
63344
58402
59321
62887
57834
58345
59180
55155
55742
56274
58461
58820
59310
55462
65331
63705
63456
60710
53971
56913
59989
57245
61780
65745
58126
55483
65462
58677
64070
56834
61197
62021
55890
60092
55999
60427
54636
64184
63320
58361
58282
50831
69419
63926
63280
61483
64625
60404
72133
64493
54907
59314
67217
60785
77051
56729
58452
55247
54757
59185
58348
54532
58806
64435
59191
57978
56556
59431
57807
58162
60743
65387
57190
55776
58378
60054
64108
60491
60338
58523
60496
55457
61304
64208
66075
64738
53943
65763
57019
61349
65618
59742
59042
61076
60407
54735
60957
58904
60551
62234
57696
65130
61583
61296
67302
74258
56679
59345
63484
58217
58656
56674
69588
57247
58480
58862
55663
60912
56104
58251
62505
56190
58374
57846
56943
67688
58322
59346
67957
66299
61725
59485
64004
59710
54680
56535
63981
62751
57758
59737
57213
63248
56613
56304
64087
62831
57925
56115
60927
57841
60352
60973
59868
56108
65999
56290
66593
56906
59448
73392
66091
64063
56440
55582
64005
61788
63151
60413
57788
57472
57163
58793
55021
55734
60739
64011
64773
61103
64263
61924
59681
59198
56638
69892
57724
54062
55913
55130
57039
63886
58431
57002
63099
59756
57124
62006
60830
59505
61648
62110
59829
53172
57123
64658
56243
67561
57700
64627
58614
58483
67722
55608
59668
60341
62913
69549
56459
63212
57654
69940
67852
60373
57792
55244
56022
62273
63086
56590
59909
57053
59343
55616
70013
55870
74384
54420
66829
60463
60238
57083
63731
63698
59811
56665
62926
60986
60686
57918
64479
60914
61053
69190
69178
56859
62429
56339
59044
58874
55511
63538
60926
59130
62200
60268
59115
61142
54214
60875
56998
60526
57294
60625
55249
54804
55684
66193
57751
62432
55376
62274
56216
61060
66430
55783
57294
61797
60952
62380
60224
60927
60054
56948
62769
59130
56109
68541
62249
58616
56392
58164
56801
57050
56190
60609
61970
61244
61964
63448
58345
60609
63607
61824
58763
56666
65501
59654
58051
63455
59938
60128
62003
63389
62937
71276
64312
61615
58428
54288
64550
66450
61874
61406
67950
57620
60052
56978
62092
56943
60533
62177
62684
56867
60988
57358
56523
65159
62238
58379
60040
62900
55239
65928
59636
57616
57977
57349
58410
62630
61264
56790
60668
70827
59584
58210
64962
61453
58335
61923
66448
68721
56355
66452
62394
58753
62891
62656
60916
67861
63642
58674
62682
57116
55754
59318
59059
60238
61155
55479
62157
60346
57739
56231
62030
60810
56923
54854
69495
58863
54776
70812
58965
56892
58509
54093
58675
56562
58054
61028
56585
59474
59959
59238
64740
64433
56060
57122
62127
63277
59639
54438
52255
62398
58133
66471
60315
61312
62488
56786
58493
58776
56860
59979
58280
63102
60204
64336
59292
60224
60330
61891
58434
58437
66856
56482
58624
58863
60959
63592
56437
64155
56461
56778
59439
59576
64822
63004
56324
62647
63597
57850
57357
63366
55794
70032
58984
58197
59673
67313
58779
61087
59086
60276
59305
74933
59137
64397
56788
60088
56653
74056
61409
60753
55646
65453
59888
57199
69545
57048
59861
58021
62882
57273
66954
62929
56308
58873
61971
60007
66075
60878
58833
64339
57375
64640
61306
60477
62044
57383
58213
60278
59380
62224
56543
61547
52219
59915
58379
59166
59995
59527
58236
63940
69096
58612
60098
58428
56285
55265
59461
58942
60502
63977
62674
56180
55397
66223
61289
57028
62463
59988
66931
58635
62359
61572
61328
58819
63865
56449
63097
67227
54962
58537
61969
59262
58281
60979
62902
60910
60506
56902
61080
60427
57457
59132
64945
56845
62287
57557
60183
55931
58385
56918
60297
62048
64019
59164
65468
59300
70739
56676
60239
63230
63094
66145
60244
59296
62259
56977
58220
60972
62895
53948
57867
59188
59817
61098
56272
57142
64558
59649
53396
62058
63194
65535
57024
64525
63501
57580
57685
60415
66397
52018
63432
63590
59398
54384
54563
62111
64273
63897
64755
55164
57873
64109
59110
54083
57776
56123
61555
64315
60771
61605
66024
62335
60523
58133
57689
63421
61046
60255
58627
52475
58835
67471
62940
63869
62210
64081
59948
65092
56425
61000
53174
54341
59236
58112
60142
59277
59710
56717
60899
59723
63790
56513
61273
55931
58741
57692
58003
55008
57304
59258
62806
62058
59611
58089
54762
60818
55003
60492
61988
56766
61145
57037
56251
56078
60341
59651
60494
59115
65267
64956
55533
59918
58310
54337
66956
60552
53958
60487
56445
64330
57052
56969
56165
61146
58141
61639
65014
59722
60233
61328
59834
60603
58903
59262
59681
56637
63276
58105
56464
61604
59063
61369
57470
59714
55130
57928
61931
61551
58601
57530
65262
64572
56227
58873
59997
65869
65727
58235
56805
58461
57410
56368
57574
61328
57651
68868
65432
54941
58770
58748
61619
56413
65242
66372
61266
59917
61525
54360
62123
66832
53903
58637
54563
71137
58582
59544
58117
76491
63937
61108
62892
57666
55648
62835
66513
58028
61633
60271
61537
59858
59657
57975
66637
58639
60720
61492
57735
65867
59123
63249
62344
57323
56946
61895
64738
56278
53766
60662
57144
58223
59124
70904
57354
52322
66307
58403
58412
58491
59463
64910
62749
66243
58264
57516
56759
63119
56287
60600
65837
61255
60727
63275
59522
61652
68284
59946
59955
60645
62917
58672
62455
54672
55551
62436
57286
60347
58033
52411
56452
57283
58861
66624
59373
60817
59977
64148
57457
60499
55307
62503
59173
57705
64503
59986
60195
64496
60248
64341
58147
58798
62976
57525
56435
59613
70153
59244
60452
63220
64085
58258
63169
55469
57492
62737
59694
63859
60037
57763
63901
58884
60866
67111
61158
60464
54261
55955
58629
68476
59767
56177
61153
57383
66277
55593
58489
60366
54109
65727
58071
62894
59372
64264
58635
61687
57591
63842
57606
63590
55729
55289
58640
65497
61074
60194
63317
61875
59402
61641
64943
62798
58176
58391
54385
56611
65322
57241
63285
61248
59320
61121
60095
58208
60368
63323
56046
60962
59457
54105
57496
64554
58289
56674
57627
57874
67932
60797
69324
57205
62632
62778
58501
65784
58460
70625
71963
57126
61716
59427
58166
60272
68776
63281
54648
66156
57474
63308
69791
61743
73197
64884
64445
55942
55532
63682
61353
55299
57017
62011
57654
62137
60692
63285
60591
62619
57540
60372
54540
61999
60165
59249
69666
61286
60675
59724
63579
57049
55406
60857
63075
65108
58355
59408
59575
54391
56911
57344
58767
61098
61480
58678
60988
61332
59619
72393
57026
57591
58699
68924
58122
66341
59201
56350
68198
55246
59066
63248
59322
53332
58998
59016
59412
55997
67239
60389
72826
61302
59366
61327
58922
58080
58770
57886
59847
60244
59953
59755
59794
61913
61185
54350
69833
61529
54161
53870
60489
59333
62815
57853
58877
56754
58841
58457
66697
68450
55126
65986
56310
54086
65390
61814
61824
53310
56962
59439
61043
61798
58956
65954
61288
57162
62761
58494
59242
62404
59632
52302
56875
60888
62433
67319
55701
66348
56505
63202
60325
58307
62816
61233
59389
60119
61852
61486
62489
60302
59422
58783
68195
58455
57341
56019
59093
60137
60747
60308
54156
59088
57752
53443
58935
62515
67894
61394
63619
63429
59116
63141
57134
56891
65609
58415
54352
59349
58766
53155
57667
56480
56879
52228
63681
55211
61174
61633
55808
61688
60818
62434
58930
54827
54268
58502
69637
58067
59537
57738
57056
58463
59185
59763
57714
57520
61993
58958
64938
57047
56339
59830
57685
58271
55535
65341
57509
60874
59132
56801
60190
55416
52969
60112
60427
59131
55277
57738
62219
65208
70884
59593
59256
61891
61060
61076
69044
60969
61231
55517
55582
61528
66858
60436
58426
61735
64382
68642
54992
65247
58607
60226
61319
60637
58908
57630
62364
58419
60283
54309
58340
56014
51891
66980
61145
58323
59842
63167
55913
60793
61917
55607
55415
54233
61106
58838
58091
58655
61749
62894
57541
56525
55843
60976
57116
75194
58191
60002
54946
58427
59350
59102
61323
57547
60406
69075
60606
69261
64710
59150
60234
50724
58300
60161
61687
59602
54911
60530
63050
52797
67521
76491
62290
59335
58222
55381
59956
70115
62025
59642
64572
55956
64001
66688
57731
54849
58615
53872
56937
55230
57467
56489
59027
70384
59611
60343
64345
73239
61322
61602
59559
60360
62858
68017
60693
55912
61191
62536
58815
60656
55876
60875
57593
63494
60712
59092
62558
61152
61005
54283
63511
60226
61860
70982
55828
57275
60240
60709
60678
58478
58902
55582
62819
66927
61270
52999
71606
57529
60044
59068
61172
58350
54408
54491
63799
58245
59229
61203
60301
61021
59280
60207
57299
55720
58095
56875
57238
56888
56218
59146
60968
56758
60660
58832
62568
57645
56932
60291
62224
54232
62443
56829
57949
59489
58923
59199
56103
58324
61951
60879
58619
66573
61780
60722
62691
67107
55504
59510
63641
55153
61993
63516
61073
55068
56427
59835
62407
61018
57759
65334
56730
60785
60491
60171
58933
61218
57289
56000
60612
57756
57498
60626
69194
63007
58188
70030
54653
65605
57324
55694
60445
62230
59938
63266
64591
62044
55560
62434
62897
55791
59707
59765
57975
61209
60953
58604
61321
58970
60961
56835
59180
58221
56054
54579
64434
58619
55796
61108
60416
64427
57340
56586
59581
59308
61982
59210
55373
65833
67246
54142
61788
58742
58330
60800
61940
55761
55822
63887
59795
57355
55036
55137
55738
57778
59559
60334
66020
60153
62763
59141
53270
62556
59840
58344
61483
62588
59385
54373
58739
68111
60963
63421
55729
58556
59155
60037
55832
58596
60348
58755
58317
64048
63805
56572
58648
59647
61390
58130
59299
62646
70799
56658
54734
61406
54279
54399
65875
59835
57361
63614
59492
53224
63769
57427
62038
61853
58382
57557
60203
55921
60840
60263
62598
59926
60835
53402
55387
64297
59604
59062
66189
57765
57665
60150
62477
53801
63688
62742
59004
57800
60075
66130
66256
66505
60964
57342
56075
71032
59019
53299
60032
66173
59996
63998
58222
58875
59725
60609
57778
79871
60137
57648
57162
59506
57730
59114
55538
62363
59879
61619
60740
62315
61840
55368
61309
59145
61532
61898
62456
61550
56705
72524
63735
71871
66221
64242
62263
60123
65690
65564
58411
56562
67684
56366
67229
60994
55011
60410
60706
59428
57386
57010
58906
65377
66737
63482
55610
55139
57345
63311
70502
59593
61446
56674
67805
60662
64403
62178
57939
56090
56468
58652
61423
56954
57665
64906
68938
56084
61612
60635
54256
72073
59142
62264
59458
60037
61782
66870
58874
60999
65847
61783
57826
56433
60223
55869
62436
71501
61020
61849
58776
62615
66380
62067
62027
62911
59014
64350
59962
64175
57826
59856
64230
63703
56023
60433
60329
55467
60731
64910
54494
58676
54690
58441
61539
65741
64594
62944
57287
63996
67579
60183
56024
58452
60457
64507
59052
58318
58443
61522
61429
54134
58415
61033
57963
59971
59775
51179
72047
64674
54482
57625
57763
61094
66197
62767
60616
59288
57889
56181
56743
63391
61529
57887
67379
60258
56895
53746
56314
56895
58048
56533
54965
67245
55407
59568
58427
56399
61799
57718
66447
64220
58395
55323
68321
57598
58375
59669
63959
53976
64970
59151
55178
58874
57361
63624
59526
63201
58059
64074
57418
70209
58500
63105
66502
60496
60312
58311
58044
61191
60959
59806
57078
65888
61050
60220
56771
56738
63683
60088
55797
62342
58495
62963
58206
57826
60282
60291
62595
56421
57620
63930
58464
60681
65258
60449
58900
58382
63427
60679
61130
56544
58262
56666
59305
58456
52911
65626
56093
58074
60246
61998
56364
58831
58599
59902
59292
61407
55068
57885
59884
65356
58150
58340
61257
56230
57364
54368
66068
62625
60989
60306
53774
66717
68421
61649
57110
54467
59944
64760
59959
61017
58507
61316
62933
62301
64443
57098
60679
57116
60137
58014
61108
55947
57435
57716
60733
58312
58062
61255
58796
59716
57815
60129
65979
61681
60385
60435
71306
58446
57085
66254
62812
57937
64341
65805
58587
61787
65893
58199
57310
70643
61421
60114
58381
60058
62266
61770
54062
59456
58987
69059
57978
59455
65241
58898
57321
58127
55936
63692
60646
61103
57899
61549
57449
61093
67744
61980
64591
56669
61112
60087
69964
57910
61065
61609
58767
59396
59661
60066
56577
56110
60770
62867
59807
72294
63150
63237
56170
56476
61497
68462
65066
56802
71958
58135
56339
64546
55175
60745
68344
58671
61152
61078
56844
57219
64866
61965
57666
58638
55797
65324
60032
57128
64566
58434
62536
61364
64505
61842
64011
62769
59407
60737
54602
55401
58976
56623
63523
60687
58005
64250
59845
63443
66617
57066
69391
65873
60914
56988
60035
59366
62366
57232
61014
58001
57631
59177
55870
57825
53938
59323
58304
61711
56847
59300
57682
60223
53622
59904
66539
54175
57409
61573
59103
60170
64171
57331
54464
57758
62828
64728
58844
60829
62860
55697
59113
60695
54767
56715
56666
56714
59787
60263
59467
64143
58967
61483
58900
60589
57672
57981
63475
54883
69897
60825
61592
66480
56780
54452
58686
60230
62859
62089
63236
58585
61387
56475
63095
55574
57803
56372
59371
72242
59973
66656
52431
58438
57145
53375
60986
60117
57569
56467
60499
57212
57993
60698
62061
59635
56192
62261
55912
59320
58589
62492
59804
59257
67547
62989
63002
57016
63518
60468
65029
55869
56347
55935
54040
63684
61001
59540
56093
59533
55880
54708
62592
53879
67387
56214
62978
57529
60246
64549
58900
63279
60377
59983
56589
57480
57215
59868
65586
60573
57117
54953
55523
59110
57650
58658
67494
69838
57671
55479
56379
60434
60718
60594
65638
57612
59641
55670
54876
59359
64792
66724
58907
61896
60736
57514
66816
60114
60146
59706
61968
60050
54695
60434
62458
61292
60228
57518
58733
54180
69448
54670
64585
55368
56649
64515
67463
59399
54649
61574
57602
52951
65960
55485
57466
58804
62222
58009
62457
64307
57737
61387
61022
57532
53372
65177
55083
61327
68722
63075
59047
56058
60534
59194
55872
61590
62755
58356
58979
59623
54665
66440
56346
59190
59678
57264
61368
55655
64676
60058
53100
66158
61836
58229
65370
61551
60188
56729
63975
60750
58353
60838
54919
69603
64337
58590
62072
55745
57087
60173
55116
58974
59682
58913
57519
56184
61618
67013
58025
56925
60993
59338
61169
57664
57507
57694
60681
70727
65942
60975
57274
57901
64213
56950
60107
55979
64708
62172
60967
62557
65465
60030
57433
57914
56987
56744
60216
56012
60123
55507
54280
59007
59177
61242
58186
55367
62595
59011
58011
61999
56249
62171
56672
60806
60221
53775
54416
57633
59577
61379
63031
58724
54115
58535
60850
59754
61681
63265
60257
54112
59580
61278
66191
59111
56546
61292
57939
57907
59052
55474
61065
58785
59114
58979
56959
65178
56126
55985
57956
61867
62738
56230
55206
57771
57978
60260
55650
57790
58697
62747
57245
57731
54111
57668
54242
64481
88164
59190
58370
53136
55914
58930
62845
63019
65141
64064
57852
62188
58558
66330
54915
54386
66631
59106
61755
65375
57212
68421
62914
56367
60323
59327
64882
58440
56784
63946
58551
60743
56561
59762
60059
55483
57109
63741
57457
61203
56593
55065
59751
60527
53666
54880
64107
54810
57170
58805
65570
57924
56683
65525
55366
56060
67577
67411
61015
61055
58373
62760
60773
58758
63131
58401
55807
60088
57256
55441
56638
61049
57396
66260
60203
58123
58500
58906
61734
59509
59712
54061
60363
63232
57542
65045
58999
63579
59288
66883
57765
58866
58402
59669
59810
57946
54962
55433
62632
61515
56386
66510
61144
60679
56570
54199
58027
53875
60998
60020
62837
55915
58583
56858
62492
65461
60350
55600
61602
60716
59723
62219
66643
60898
62300
66072
71092
61506
65810
56159
59017
55686
63562
56402
59831
62012
63864
56907
56476
63895
57933
55974
61675
59762
61517
56235
64396
56793
56887
58399
57580
62079
58549
60075
54325
58414
65270
57401
63009
53676
56506
54300
57673
61843
59940
59155
62270
57006
65120
68261
59673
59936
59154
57314
57955
56019
56398
57092
65024
67706
61934
61573
62015
58943
57951
64322
59787
64596
59785
58339
60904
65545
62087
61843
59159
55663
58649
60542
55890
58101
58798
65765
59174
63705
58385
57957
64989
55891
63661
62677
54531
59912
54977
62263
59979
58448
63180
61109
60891
57614
58789
55403
57643
57406
57629
54501
57274
61031
71339
59159
61536
61383
55782
68872
62729
60510
56262
56665
60811
59809
60333
65704
55938
56943
62925
65056
65514
61912
63365
56373
64505
58600
65434
57317
65980
61023
56624
63632
63810
59966
53280
56626
62780
60505
54472
58291
58436
60163
60163
63451
58437
62099
59423
68274
72803
59311
65092
60731
58100
56336
58649
54910
59880
59133
67639
69917
55875
58257
57717
61065
59293
74050
62987
56316
60966
59999
63703
60495
54853
62163
60883
53681
56146
58135
61093
60444
56326
54724
58029
61100
62610
63767
60350
58252
61699
53745
62281
59347
61256
59619
56102
52213
65941
56026
62534
57788
58771
57280
66013
58471
61804
57731
59086
63095
55705
60867
60301
58389
67099
56132
63761
58921
56053
65011
53411
53337
56305
59885
57031
62777
60420
54149
60512
59609
58760
59679
55118
56936
57085
66519
58135
54723
56367
59632
60786
60108
64474
66679
60892
61284
57952
61811
57905
57364
58905
56421
58113
55534
54136
57406
63059
63364
64840
65842
70529
63004
62175
56613
61210
60698
60528
57637
69314
58007
63046
61583
66185
64605
59096
55165
69915
59780
60102
65293
64797
64803
58845
55213
58379
61436
57339
59850
58916
54496
62951
55377
59714
64945
64249
64239
55183
64092
57929
59722
70323
55719
71104
66414
63733
58107
60654
60651
58606
63647
67500
62735
58852
55343
59395
67876
55659
59135
63518
65040
63793
65424
66245
60264
60244
59575
63716
56239
63342
57522
58425
59556
56486
54810
63973
56722
69518
58046
58494
63616
56343
64001
58566
60340
60622
55197
56407
60763
58544
57952
62194
59889
65102
59587
59400
63765
63621
64025
65109
57133
65821
62653
58106
58457
60739
59841
53893
64773
58720
56564
64215
56771
57885
54632
57979
60012
55351
62008
60015
61145
54246
57800
55863
60650
66145
56664
54894
62627
56157
58011
67224
62814
62493
63001
57064
62072
63450
59724
65193
55382
55662
53443
67310
63348
62049
54207
59057
64273
57132
60476
55762
60870
54505
64839
59112
63576
63391
61511
56029
59524
61529
59651
59873
56454
58156
60643
54860
53967
66513
62348
59180
61017
66515
59332
59696
57251
54699
55483
59676
60093
55017
56436
57581
56843
59318
60492
65832
64727
70585
65168
62063
63918
55536
58031
61143
60255
56046
64292
57716
53764
64828
63042
64636
62192
58502
62849
66100
53799
65092
61646
62232
55422
68115
58079
56890
60029
58043
61028
59733
56119
61423
55040
62435
61446
57306
54369
58767
59479
62126
59618
61658
55834
56595
61783
59647
57781
59724
66140
58384
59046
59876
59391
64995
61411
61598
57508
61787
56904
57547
54527
76093
64836
64372
63094
57435
62155
59252
64345
59915
58194
60620
56160
54523
66719
57341
62200
62561
60599
60182
60307
58326
56368
59810
56055
69687
55540
73907
62760
57880
57564
65826
59111
56102
60212
63509
59471
59274
61242
54759
66340
58103
60243
51775
62043
55818
63602
57879
56797
61805
57576
61111
59283
60309
61513
61870
60102
61286
54795
63036
64718
58835
55545
62470
56278
56460
60156
61716
65039
63291
58049
59213
60360
56608
66043
60595
56909
61510
57115
56532
60433
57922
55756
56488
55653
58334
65331
66264
63954
54543
56571
66163
70247
54894
60823
60245
60397
63445
59988
57484
58830
60490
55968
62797
58936
59604
61041
56133
57494
67126
59831
54855
56268
60308
64966
61956
57205
55393
58128
63528
64553
62858
57508
54679
60210
58943
60197
57810
62848
59940
55797
60574
59295
61814
56499
61458
58049
55348
66040
67784
62697
61169
61916
62555
56216
63493
58546
63170
58575
62062
62667
56450
63946
56224
60828
62166
53166
60885
60944
59885
53304
57281
59952
61358
59610
60143
58939
59982
61676
56453
57668
67360
55059
60085
63654
54802
53905
56457
59669
56278
56430
56951
58362
55645
59057
59996
58899
56953
56559
58396
59976
63018
69600
57189
58256
66969
61965
58906
56366
74775
63589
57005
60910
60676
59518
58662
54954
57956
59155
68917
63730
60673
60000
60126
58586
58222
62876
58551
57219
58004
59532
63711
56833
56463
63996
62197
54885
59906
56603
57228
59312
60009
63275
63155
57721
63502
63257
57570
60416
58864
54649
60308
59706
68568
60957
54675
53310
59612
60654
57382
59903
59788
68332
60541
55903
67366
58467
73745
61333
54698
61730
63984
61160
59045
59228
60923
58317
52375
70227
57377
66451
65658
57921
59271
65287
61898
62862
60201
63250
56200
58896
60063
58214
60784
56598
60922
55882
58682
62024
61857
53613
79375
61864
60965
60977
60192
61912
55826
61740
57549
62340
60456
62997
59672
61226
57824
63512
60327
60858
60093
58029
57392
54717
61853
63795
57227
60704
63462
60670
56018
59898
54129
66596
56848
65797
61977
64616
54611
58637
57634
64635
60648
65596
58401
60485
58941
57226
62424
58973
57271
58734
61107
70879
56844
56132
59122
60117
60301
63983
63159
65027
59914
60041
56877
56271
56712
59993
61456
59882
56017
57928
59933
61944
68069
58132
54245
59716
70976
65203
58727
68307
62689
64947
64436
54827
60305
55863
58707
55862
61689
67395
62669
56057
59508
62327
53639
58199
58634
64399
60044
63024
56858
58143
64276
61806
62128
70725
55896
58150
59165
59559
60194
63949
62780
59821
56657
56961
55012
62456
64032
55641
61839
62335
57984
59112
60691
62118
59048
63823
56849
55878
60244
61137
63052
59889
64297
61545
61114
60535
58727
64955
62591
63192
70047
56597
67985
57646
65619
53785
65065
60777
54906
68754
67796
52123
55430
63335
60349
56780
58323
64908
63226
60830
59837
68583
55969
62275
64444
66437
58412
60791
56181
59414
61217
58361
58443
60528
59903
61290
68223
61986
59020
67036
70890
63418
61548
56687
54858
59977
63619
55061
66265
56483
63548
60427
57770
61711
59296
59983
60821
57221
56448
58614
62136
66134
57541
63791
57573
61265
62093
60561
64461
54537
63502
60358
53512
60290
59804
59059
64268
57134
56955
67811
61387
66412
64483
58852
54985
61329
60208
70361
55257
58738
58221
62435
59737
55709
61197
58927
57289
60372
52647
56676
59757
55787
63140
62317
62956
60376
56796
58087
53239
54266
61236
60999
57854
62389
63623
59428
55054
57884
57407
55087
56871
59311
58951
62113
65976
59284
64120
60239
58234
59318
61556
76175
60833
66113
64490
68478
56221
66522
58438
60681
60165
66873
56796
61186
60358
60145
56635
68220
58491
57136
65343
56634
57868
54813
60709
56122
65518
61248
65114
55366
61493
62681
53250
59007
57321
61819
61072
61889
57374
65720
59800
55927
60031
61756
53289
56296
58048
59400
62695
55317
67225
63350
58158
61946
56718
63491
60371
65641
58785
55282
58197
58221
55448
60396
55351
58403
58417
62372
67917
56434
53798
63149
64567
60449
61398
63730
55895
62169
53825
57359
58255
56919
57720
55225
56882
56817
58363
66307
56721
63687
65238
59826
60654
57762
58845
57567
57732
57934
58494
60913
55122
58156
53444
58927
63186
65216
62356
56786
60989
60085
57926
56762
62881
67285
54707
58105
68648
59589
65541
63454
63390
63889
57500
55885
59703
67354
59303
63579
63469
62456
63348
65591
69236
62776
61883
61094
57136
57868
55448
62510
60815
62215
57212
57285
61386
60221
64307
63606
59091
61136
65376
62136
66174
64590
68975
64964
57378
54049
56774
57903
58113
58280
61398
57166
56603
64013
56180
60515
62057
71285
59764
62062
53716
60076
57612
59955
58263
58821
61386
64651
61966
54864
58324
58531
55144
56484
58060
58727
62309
64395
55205
56690
59146
66546
57620
54743
59488
55639
58300
52617
60368
58917
58200
59943
65036
56076
63280
61080
63712
57065
56722
58734
59827
62777
61685
63820
63543
56015
62967
58758
56990
64037
61242
55258
60829
56761
70193
65253
63620
55177
55610
58523
61145
58547
57133
58344
59008
65676
62380
59746
59000
65841
57533
58342
67707
56177
56823
58772
65240
54834
62971
56102
58601
62350
59569
58532
56960
58206
54469
60951
59312
57308
54352
52256
57626
60526
65482
58397
57028
59368
60951
59715
58203
54109
62649
60138
68133
59475
63324
59469
60614
68491
62971
64751
58128
61061
64014
62433
59666
60758
57912
63721
59171
62448
61229
55946
64593
62312
63924
59062
65701
59522
64998
58221
64944
57902
58772
59195
71180
57415
59274
63231
59353
61086
61513
64590
60631
58943
56115
60917
60306
61894
61928
59297
54304
55554
67775
58635
65532
66267
67354
61630
64043
57669
59398
59549
60778
53308
54979
63195
57309
64210
54207
59008
58576
62866
56423
60971
61060
61196
59401
64046
54289
58532
53143
59291
60169
57827
55843
60259
59602
57703
63184
58230
57673
58736
61846
70489
63170
58698
57126
54722
64137
57309
69897
72627
57605
59784
56262
60004
69787
59063
60533
59951
57426
56422
58816
62788
57852
57804
58130
54828
63646
60885
55627
72143
60555
58725
56726
61284
59532
59152
55349
59568
59237
57117
55561
57374
70171
67452
57061
62479
54379
60222
60868
56493
56866
55880
54976
59679
70195
56220
57595
64248
64055
54076
59665
66777
67155
56489
60584
57601
61034
62048
57569
56629
61772
62505
66537
60114
62528
62387
55837
58470
56283
65085
64089
68423
62974
64198
55688
70560
64074
58313
70520
67255
56265
60723
59612
62880
56465
61990
64343
55373
59432
60260
53160
63397
66661
63919
61103
54719
57989
55858
60992
58381
54509
61143
68103
56934
57663
58395
62949
58285
58350
56683
62104
62065
59435
57826
57823
62874
61135
62074
57731
65534
58770
62196
56742
58467
65797
62520
58582
72049
57443
60529
54739
57132
56658
54653
60687
57519
59520
59810
61586
65486
62418
63003
63794
60866
61190
61537
56085
67027
54798
56634
64816
73464
60729
58471
60150
55608
63855
59665
58616
60261
63640
61648
60673
62825
55981
63889
64836
58680
60949
63595
60856
72220
56861
58299
63843
64222
55825
61573
55601
63591
62168
55599
60054
61904
55303
54827
56705
60683
61003
59332
55324
57984
52965
57900
60637
66631
58693
54166
56222
57253
52106
58029
61310
66605
57540
60376
61255
62025
57184
59249
53531
59278
59080
61197
58660
60066
54861
57803
59994
57882
55898
52183
58728
60135
57904
59792
60143
63330
54395
53015
61068
61442
54201
55071
55002
59577
64513
55894
57715
64139
61007
60315
60371
63551
59753
55240
71901
60887
60451
59490
65018
68401
62423
62542
59317
62344
63232
63104
58866
58899
57690
59087
61326
58712
62900
63818
58580
66080
63001
57710
65152
56121
59618
64346
61406
58911
63446
66807
62298
57730
60826
62430
61853
60557
60519
59390
58360
55404
66652
57526
51865
58107
60619
65069
53356
60013
54627
55973
62201
63094
56997
66216
58328
59396
64726
54372
54751
55274
58077
55421
55210
57078
60312
64384
71263
59926
61131
54908
56214
58813
58849
54351
59954
55326
59643
55381
59517
62231
56023
54886
59047
64478
55900
68605
70993
55872
57767
58579
63751
66171
57744
60836
57295
63116
56893
59652
58369
61275
58339
55428
57658
60304
58135
60971
60358
62414
64216
61904
58139
69718
59898
65410
58206
56174
63983
63576
62996
56988
65275
59122
57525
57932
61514
57573
57033
71756
58312
57842
56425
67525
53566
52543
56765
63472
59421
57122
59512
60690
64290
57066
59876
64915
65735
54477
58141
62947
59407
59584
59728
56445
57776
62193
59526
57707
57268
54438
54434
61109
63419
68267
57945
63983
56926
56505
60284
64110
58947
63562
55315
57108
55951
59521
55529
68135
61326
64893
60688
63517
58085
60923
60151
62737
67245
62284
54045
59992
60623
56758
61749
60836
62361
68240
64681
64981
63664
60300
55301
59829
57406
61203
56832
53248
57799
58647
60969
58969
63094
59239
58928
60128
56233
55527
61726
66752
59412
58859
66877
64297
58019
63505
54399
62757
54768
58568
60730
58088
58843
59417
64228
60430
60706
57737
57264
54067
56021
56540
56864
58711
65131
58545
63508
57556
60261
56934
58535
63704
57996
62383
60951
65191
57556
63965
72990
58617
58076
56014
58150
59737
57617
61486
57313
57069
59280
61914
59994
62636
61706
59649
60262
66324
57396
66552
59213
62110
60748
59508
66619
58457
56496
65343
64158
55960
57749
60800
63816
60570
53306
64090
63699
55443
59521
65045
58136
60462
58798
53079
59516
56912
56880
66679
64079
64491
61319
65421
55087
70122
66562
60012
59655
61167
61114
62573
61812
65460
63421
63223
62232
64181
59362
57863
61036
57916
59669
55820
60361
58489
63862
64293
56688
55601
61580
59113
70981
57525
65343
53672
58027
58542
67902
54226
60236
65927
67013
57348
60324
59066
60474
54725
60633
57166
70544
59541
64404
56235
56338
62713
59266
62437
62600
52680
65191
55853
62799
67138
65687
57026
59604
63947
58436
59806
59935
57585
57749
56103
59296
63319
63201
55161
62748
57252
59380
64626
65518
66032
60821
59434
58220
64021
60873
61795
58232
56701
65544
56629
57193
55902
57170
57340
55054
55524
63679
59735
62212
57436
57591
63502
60996
55355
59154
56806
63128
56534
58370
61629
56948
59165
56022
67456
55924
57237
52658
60594
61316
60875
57590
62489
60878
63728
54373
63066
63321
61295
55247
60221
61533
59341
57156
58788
57069
52843
61434
60422
63758
57183
59794
54533
59333
56685
58304
59630
54165
59949
61048
54116
61986
60526
63258
61311
60098
61657
60254
65487
60411
65448
61984
67684
56156
54739
63595
60687
54910
68399
58318
58428
61433
56182
66538
65729
58115
64315
59833
56048
61727
58620
55388
62987
67310
56502
60503
58069
64431
57017
60193
60967
60347
59950
60124
59649
60750
62945
58162
59670
61091
63788
55860
59024
65967
62029
55990
64714
56508
60686
63467
53853
57215
70422
53207
58110
65778
60840
61036
57491
61845
62017
60641
59413
61008
66214
58828
63027
66782
64084
62688
57479
56450
60517
60818
54957
55961
56846
56393
60896
62950
65515
61859
64702
61973
57707
55480
62657
59633
63228
57584
57273
61769
58981
62262
57911
58787
58162
57822
56737
66612
61034
53086
55817
62340
54723
57816
57696
56514
57679
64563
62916
57980
59762
59050
60334
61104
58387
61960
57256
56116
62893
70245
55675
56964
60588
60272
56911
61555
60451
60480
54590
58755
54949
56210
61188
55860
55554
57430
60035
60988
59008
62231
59268
63353
62729
54582
54124
56325
55174
63138
55949
58064
64263
55790
61500
59256
57947
61961
61472
57551
59129
55232
61779
61019
56284
57823
72407
58794
61682
59611
57692
58430
61777
58074
61827
58998
65755
58760
61861
64592
57188
61665
55468
54853
54634
60246
64908
62930
58582
67044
59690
55806
60089
61281
63617
56402
61855
58901
57309
59103
62452
58023
55643
62379
61450
54535
60060
61471
54546
58285
58584
61241
60902
56131
57168
58515
56482
61850
70269
55777
64976
58816
63342
56159
59938
59100
64274
59765
56032
53569
56457
56336
60782
65578
58793
58967
61414
59534
56927
65257
62126
69155
60336
59923
57714
59740
61649
63843
61024
66162
61594
58771
60213
61541
59925
61338
63884
62778
58945
60562
68801
60463
63516
58823
61452
57682
60108
60139
58894
53390
55587
70359
66120
55816
66145
55444
66413
56401
59554
56741
56201
56044
59079
57327
65311
58926
66287
55123
65354
65136
60170
61901
57116
66271
58568
58023
57446
59314
53347
55980
60487
57569
65415
57946
59835
63928
56675
55501
59571
58059
65058
59714
60116
59030
65862
56346
59577
60787
54456
61507
54250
59417
64043
53976
57580
60108
64026
57565
57925
61360
64233
58080
62596
56753
54014
56492
59420
65588
60717
57372
66927
57956
56484
61150
59274
60637
59701
61247
60225
55735
61394
65256
56914
60496
61766
59544
63374
57246
55099
55630
62287
65678
61761
62615
57372
57860
68396
71344
62850
59501
59388
54994
56029
60834
54848
55317
56879
56625
67382
58695
59537
64480
56002
60096
54664
61783
58584
59467
61637
58412
57742
60318
56962
59150
59313
62573
52813
58523
63476
56860
64990
57452
58838
62424
57966
60934
54054
59456
58729
54190
57804
64270
58691
63110
63395
61716
55438
61414
60152
68802
58328
62917
61072
62646
56024
55389
52361
61810
58566
66753
57783
63222
60173
57981
59394
66659
56367
57828
58370
62841
58316
66992
55191
60363
54024
53563
62208
57803
56991
59076
66567
56884
58079
63499
58942
63889
69593
65611
57064
63884
61632
67971
59702
62642
56867
63230
58826
58332
57405
62934
62940
58582
64633
53856
54526
55263
58006
60977
56801
58659
57253
57540
57313
60082
57118
62930
63223
61566
58952
65198
56181
64224
59383
59614
55109
60846
58881
60997
64024
60685
60458
56749
57641
70875
58601
65257
57721
58391
54722
59350
59714
64091
61837
59608
56650
58345
56228
66414
59371
61573
60006
57270
60967
56931
61458
60414
61601
56929
59504
56891
55034
56741
61533
55612
58651
57750
63514
60631
59105
63205
60862
60856
53967
58386
54319
67277
59965
61825
62981
57044
60486
64182
55101
57030
60485
62975
70683
59772
63545
57060
59651
61385
61043
54092
60895
66188
64523
61482
57588
59979
54878
62735
67199
59575
58185
65254
58420
59502
63642
59795
58194
58681
58867
56888
69575
58863
62199
57145
65201
64234
59561
56670
70130
59603
56300
83715
64431
57550
55671
67515
56625
68137
68048
59877
62633
54762
54784
53562
58514
62606
54571
58691
58769
57666
65090
63004
58304
58629
64088
63789
58062
54006
57569
57802
52854
54272
61630
57130
69240
58862
60548
55343
56411
62543
64816
67652
57572
64566
63034
59487
66758
61106
63241
58511
60991
61053
57207
58459
64118
57471
59304
59442
63327
64212
63622
55305
58178
58830
70260
56344
59609
61396
64581
57923
55396
62705
53858
56370
62894
67629
54716
58749
63040
55589
64568
59515
64269
57481
58362
53493
57465
61298
67974
54840
67792
57529
60935
55298
57603
57692
67552
62212
59856
55099
60016
69039
59111
59404
61648
57227
60083
62658
64196
64109
59603
58595
58255
62982
52911
58398
55143
56907
55722
56648
61805
58895
58830
61151
59999
65550
57849
69593
59210
55575
65875
61530
59066
65413
53887
66704
53726
60417
56596
57407
54503
57208
62679
64050
57757
56405
68079
61378
57648
56091
59030
62693
56475
66409
55631
58730
54807
59078
63888
66372
61050
58242
62837
68727
62208
56392
64913
59714
54945
67420
58258
55859
60671
56780
53910
66131
55597
59998
55429
63810
56096
59851
57508
54480
57945
63439
57911
62447
57755
59150
57386
61681
62243
57786
61082
61683
61580
60745
53950
62100
55505
61711
56782
63398
57450
53764
64777
58728
59300
64892
63604
55893
57524
60612
59396
59638
62314
62260
59117
56630
64669
61379
62610
58440
59339
63982
60083
63325
60268
60170
60508
56308
59977
64908
61725
63341
55915
61947
62103
59870
55811
56640
63373
63671
66239
62514
58808
58669
59164
60901
61376
60940
60748
57029
56885
61388
54650
54452
59180
56087
63646
65163
60757
59730
57915
64218
58675
58123
55569
59331
56691
53857
60549
59335
56886
59133
64437
67077
54810
60282
57693
61177
56391
64118
68401
58230
54430
58552
58190
60640
72669
60039
58078
58013
62979
59850
59143
59967
64487
64201
60190
54074
55792
58063
56405
63437
56907
54986
65065
58706
58978
58563
66314
58448
61832
54724
64630
61965
55506
55856
66489
57915
61590
54164
63282
59933
59432
57541
59404
59381
60432
64329
64078
58918
69579
60290
56971
58383
61779
58632
60520
62537
62617
58745
63370
55459
60471
56622
61772
57785
67064
57524
60104
58135
62612
63271
53641
60003
65629
61013
57777
63995
64154
58889
60224
61778
58421
60713
62386
64762
64893
58111
60288
71653
55964
57106
61037
63418
58653
61355
55037
59607
63963
61709
62108
58306
65090
63369
58899
54690
65789
52879
62520
57370
62869
58724
61208
54183
59462
55765
57636
58377
61947
60146
58405
61896
59421
59112
61381
54694
56176
61927
59311
61216
56041
61115
58380
61268
56020
67711
63915
65146
59795
66018
58061
61173
60529
57187
55282
63900
56691
62390
66910
69071
68915
61658
63042
55823
65089
61377
56932
59067
59557
62236
55758
58585
60171
59031
61997
55729
57524
61864
57909
58190
58882
57002
60612
58885
55336
64766
57540
60712
56097
57662
56801
58393
53328
59051
59089
57017
59647
61667
56326
64597
64984
54814
64626
61029
59166
60726
57919
63391
52755
53473
61992
59778
57244
62326
55636
57957
67731
60375
64012
